UNIQID	AVERAGE	Pv.1	Pv.2	Sst.1	Sst.2	Gad2.1	Gad2.2	Gad2.3	Purkinje.1	Purkinje.2	Purkinje.3	Camk2a.1	Camk2a.2	Camk2a.3	Neocortex.1	Neocortex.2	Neocortex.3	Cerebellum.1	Cerebellum.2	Cerebellum.3
mmu-miR-124	2420290.07	3627416.43	3216158.71	1526584.14	1553936.41	2669721.22	2842504.14	2442144.84	2856428.96	3018900.11	2900829.24	1842249.52	2240727.12	2054226.95	1671421.53	2184135.11	1455695.04	2803809.29	2675119.23	2403503.28
mmu-miR-29b	1051745.29	1617404.09	1601047.62	1775503.02	1824687.58	1149530.49	1227299.77	1071892.69	1274145.33	1201568.58	1330517.22	989156.4	763741.91	1010095.02	961472.33	666757.28	722999.65	224111.55	303440.69	267789.28
mmu-miR-9	771326.44	673939.56	637971.62	680208.33	649351.97	651434.72	766640.9	599402.18	1016032.91	978486.13	866113.09	534101.81	523861.28	506193.39	627218.74	583047.52	710504.45	1280042.67	1086953.02	1283698.16
mmu-miR-29a	481776.48	504656.19	561686.5	528844.12	602055.35	518792.54	582519.77	490501.71	198649.43	231374.56	204158.82	771085.38	687033.75	656335.66	665552.36	723589.43	524107.26	204173.9	259866.83	238769.5
mmu-miR-128	418813.81	17782.59	19974.4	21442.48	25446.75	70176.43	71908.66	131588.07	21690.32	24375.87	20113.12	1704597.34	1466824.36	1432413.42	808942.84	891514.05	654033	204352.78	183956.55	186329.29
mmu-miR-26a	325861.77	144161.28	184478.39	393198.15	336736.13	305632.21	264824.5	249093.93	204039.3	206514.22	175655.37	387566.16	259779.71	357765.93	397403.1	231955.04	394770.48	545715.93	549652.54	602431.34
mmu-let-7c	322157.40	104473.79	143228.68	181549.46	166966.34	414882.72	290520.81	377208.34	142739.29	132649.89	170567.9	224625.47	261720.5	239420.83	481189.86	356082.46	450582.59	651803.41	629210.43	701567.87
mmu-miR-22	291907.66	205174.47	213337.97	329637.07	261811.85	247803.95	200100.23	307829.68	250740.14	250769.55	282912.52	253265.41	282903.04	272902.54	493628.05	534782.52	665526.21	143555.96	185165.33	164399.04
mmu-miR-9*	208940.22	135414.78	128332.03	171313.06	162034.86	180481.74	206911.04	228476.78	144605.39	126379.75	131966.45	164283.21	146844.62	157162.28	336794.28	327882.33	357058.02	263848.62	301308.61	298766.31
mmu-let-7a	199129.34	92797.82	122556.62	103404.05	101587.63	200133.52	177497.79	261910.38	166499.28	163067.68	139288.39	132312.2	154273.25	136958.24	235622.91	222890.1	319748.4	365585.92	330228.26	357095
mmu-let-7f	189413.36	116880.73	122754.2	136318.49	121045	192897.27	162047.36	245916.66	177564.98	174566.94	141087.8	131222.86	151504.38	133511.6	218666.4	249045.44	331307.35	264409.67	252705.26	275401.48
mmu-miR-181a	184505.79	144531.88	159973.53	451480.72	484241.04	204231.33	173061.99	221538.05	129167.69	97603.57	133762.9	48998.8	47433.42	62901.99	106555.2	117746.59	176918.15	214142.72	272322.15	258998.27
mmu-let-7g	179036.08	168732.12	191442.81	132212.99	152110.87	181305.65	158902.25	222349.91	138847.15	141390.45	132445.9	112268.6	132814.68	116872.43	177992.18	204447.9	293018.89	252310.47	239104.94	253115.36
mmu-miR-29c	173301.75	203913.66	211961	220626.07	256237.49	161222.26	200325.46	165905.12	192101.14	222662.03	154074.31	214708.91	198151.82	180854.56	149113.99	190534.5	131277.77	71928.41	87515.2	79619.49
mmu-miR-376a	159022.97	131477.78	175486.54	208724.01	299013.58	215893.83	211060.92	229043.79	136026.2	166046.59	194007.56	183434.38	236353.07	161336.26	134553.92	145956.48	108710.86	23580.42	30359.25	30370.95
mmu-miR-138	126094.86	76426.88	85381.87	119873	136433.49	70779.97	48726.28	87716.31	432866.15	367163.53	535291.33	58032.63	79782.69	94289.61	47174.84	35361.8	57446.59	15750.09	22972.93	24332.35
mmu-miR-103	111877.16	109084.95	128289.19	135724.17	152053.91	169177.15	140572.41	181374.78	111621.55	105859.66	145503.45	73126.2	102224.52	101774.97	90087.28	77968.22	117233.3	53064.07	65079.84	65846.36
mmu-let-7b	111812.29	30718.44	40092.18	56867.15	45172.66	117424.37	86878.96	103936.26	49109.8	43766.86	61105.88	98289.59	119247.9	101382.45	212947.53	129715.23	142618.18	220541.96	216456.99	248161.03
mmu-miR-125b-5p	110957.35	71297.99	73167.48	193443.7	162970.7	116425.71	142302.76	68545.32	188131.44	206386.09	131333.11	81627.49	93164.67	85272.94	97802.4	84112.37	47440.62	99550.02	87102.15	78112.62
mmu-let-7d	88688.96	53023.73	76721.38	67549.29	60467.57	87214.71	75404.43	107106.37	90876.4	88810.96	72979.61	58929.91	75120.6	64927.03	73172.65	86991.68	120141.1	141637	138633.31	145382.44
mmu-miR-30e	81492.90	101616.95	115760.93	109988.5	93661.46	100530.65	84982.72	103409.34	158967.05	120686.18	163716.54	29678.84	26266.48	44191.43	47505.22	30388.89	71257.7	40013.53	50483.35	55259.34
mmu-miR-369-3p	77998.73	73250.66	67038.86	54286.54	83770.03	149912.06	133818.24	162209.52	35945.35	43638.73	29944.75	122626.51	143570.48	106858.85	51674.55	88177.56	85231.79	15945.24	17111.25	16964.81
mmu-let-7i	69674.51	18207.21	21939.75	17595.03	23827.34	32269.44	25415.78	42604.57	159723.18	157826.54	174433.08	64428.97	77080.87	68087.07	66932.62	63044.63	82574.95	76782.72	75181.37	75860.65
mmu-miR-16	63745.62	29746.29	44276.42	116424.38	103463.39	37579.95	48672.34	35246.32	14308.34	11427.19	6531.73	88665.01	82878.27	83178.85	31870.24	40876.4	43770.68	127439.96	126518.15	138292.92
mmu-miR-30a	63238.52	62997.52	73725.26	58478.07	46336.36	83547.11	68942.92	80850.61	94056.03	71453.97	91524.17	38738.86	34043.65	52175.24	47267.9	34373.56	71484.58	55308.28	63959.14	72268.63
mmu-miR-30d	61366.41	41260.24	46758.47	63060.6	47988.33	63834.97	53199.84	58636.95	102538.28	81299.61	99153.89	34381.52	32405.41	46597.64	40641.65	32821.66	62112.03	77075.44	87090	95105.23
mmu-let-7e	60818.85	25442.42	34559.81	59236.61	34353.52	71215.79	65095.15	92639	35906.57	33444.75	32125.94	43657.85	54603.96	51653.14	85936.57	75332.93	93279.16	88654.24	86379.31	92041.44
mmu-miR-99a	49498.37	10372.33	11742.29	29950.66	41193.3	45930.66	47869.88	43364.88	9950.89	13084.81	10029.92	31372.5	34641.71	28375.13	118062.73	121884.98	90737.16	76839.64	83229.79	91835.71
mmu-miR-139-5p	48804.29	22857.48	28782.65	168529.13	145161.23	55875.86	54490.52	73469.44	35562.44	35819.07	18923.38	56408.82	50960.21	73267.42	24010.87	24064.18	48526.87	3748.47	3592.94	3230.6
mmu-miR-127	45707.90	64914.8	60218.7	105906.46	87134.99	64279.91	68480.33	63722.87	15723.67	16500.16	21871.09	37795.03	47154.28	40171.62	54843.42	60704.58	34584.26	8293.8	8248.87	7901.34
mmu-miR-300	43675.56	46072.53	52107.24	70997.91	66660.4	56832.41	60693.08	76797.05	28825.11	32179.51	23608.35	59503.19	63448.6	61644.97	29994.97	32736.26	31740.36	11399.91	12160.71	12433.07
mmu-miR-181b	42103.18	37340.93	43842.78	112404.89	126090.41	67643.63	63474.05	65511.24	28199.84	23767.27	32688.26	24819.03	22200.11	26625.33	24201.65	23834.81	25531.2	15660.65	18219.8	17904.52
mmu-miR-433	41292.47	50151.07	56642.94	45645.42	47544.82	60483.88	41959.98	47422.73	102770.93	103741.58	119486.02	14658.03	21214.51	20405.5	11219.03	8537.88	12660.03	5691.83	7787.23	6533.48
mmu-miR-107	39383.83	36884.66	45793.28	37559.53	50441.86	61858	52420.31	65843.43	33056.54	37320.54	40750.08	28513.85	36099.84	34798.31	37756.62	36896.61	43316.91	20864.6	24591.72	23526.09
mmu-miR-136*	38594.53	48791.56	50095.55	41946.56	53062.22	42725.54	44090.89	48638.37	37065.01	45108.17	40832.95	33725.78	31647.49	32384.54	44178.13	41135.05	35879.81	19213.98	23212.86	19561.52
mmu-miR-129-2-3p	38156.34	9820.14	11912.77	14255.89	12060.15	30879.87	33916.48	39715.11	1037.26	740.73	621.51	62159.12	50557.08	46248.62	26793.52	47213.32	42664.98	96370.73	107791.15	90212.07
mmu-miR-191	37728.70	22499.91	27958.21	40343.46	39289.07	35864.75	43285.73	38032.69	47907.74	48755.74	58613.94	27010.31	18050.31	31531.39	57272.43	42037.89	33936.03	30288.64	38641.54	35525.45
mmu-miR-434-3p	36435.62	51682.85	49800.05	45864.39	37860.89	36748.32	36781.07	41358.87	38994.11	42801.91	33203.22	39587.64	35027.69	32644.64	23899.19	43794.75	37761.54	22336.35	22751.22	19378.02
mmu-miR-125a-5p	33034.35	21936.55	23799.32	48804.71	33059.62	21494.71	27691	15584.21	20842.1	16532.19	11329.17	19340.33	20806.71	23695.12	19832.23	19435.32	13829.63	88995.75	94813.45	85830.47
mmu-miR-24	32872.76	29753.74	28956.63	38599.59	32319.08	31486.93	24119.71	24874.03	16295.61	16984.63	16259.78	67075.2	70326.73	87654.56	32861.38	17439.33	32333.04	19840.08	20971.45	16431.01
mmu-miR-34a	31965.73	117724.37	119808.79	16195.25	14745.61	52380.2	34229.38	30436.75	56254.28	47662.67	46595.2	8868.93	10079.76	12080.24	3234.02	1832.51	4664.51	9066.26	10013.45	11476.68
mmu-miR-218	31123.13	65591.77	64444.91	10541.38	14363.13	22860.41	24781.91	15179	1420.17	1669.63	1136.47	55755.02	67141.47	57211.83	21237.52	30269.33	29837.33	38517.39	34416.87	34963.85
mmu-miR-137	29068.74	2456.43	2120.1	29911.56	23595.41	19575.29	17110.64	29929.87	111.48	80.08	115.42	49907.72	44689.5	55794.96	122911.44	68876.45	72041.13	4740.48	3617.23	4720.79
mmu-miR-101b	28738.49	19460.57	21741.29	44511.52	60573.36	29775.94	29630.39	34430.17	25325.57	26698.14	26431.76	22583.12	25050.85	21804.4	25146.26	27814.6	28050.98	24450.45	27480.05	25071.88
mmu-miR-27b	28404.75	18334.78	19462.95	21841.3	22545.64	16701.42	17105.25	14198.18	17638.23	19787.38	15155.87	67855.09	52495.53	73633.46	47300.48	27436.38	33322.98	18555.35	17937.35	18382.71
mmu-miR-181c	25199.04	23314.69	23893.74	29340.69	37193.6	22222.48	20872.1	27643.22	31733.31	24259.76	38311.41	8298.55	9219.7	10957.53	21530.67	20660.25	30564.28	26914.2	37693.95	34157.59
mmu-miR-30b	24192.37	23073.51	20178.98	19604.78	12483.31	16606.68	13713.33	14995.72	36047.14	35418.68	25677.08	16930.79	13741.44	16540.81	12410.27	13784.07	23961.54	51088.2	45062.05	48336.63
mmu-miR-382	21408.87	21063.11	27521.08	35886.05	32229.57	43538.23	25676.08	35631.48	20221.68	18293.91	27707.33	11900.25	15488.07	14515.77	19855.5	13064.25	18697.88	8610.92	8838.08	8029.23
mmu-miR-153	20613.55	18541.5	15971.13	57062.65	39818.02	23219.03	22158.73	17563.02	1124.5	1053.03	952.98	19198.71	12301.25	24481.12	36663.1	25330.58	33213.71	14213.3	15240.37	13550.72
mmu-miR-384-5p	20486.41	36743.12	36610.84	45512.48	31281.52	38839.68	31793.67	36784.12	12859.09	11447.21	11252.22	6961.86	4374.37	8312.97	11563.37	7422.76	20558.31	10399.78	12273.08	14251.33
mmu-miR-381	19689.53	9953.3	11584.05	38388.45	34255.87	20669.39	22072.42	24768.07	10057.52	9901.7	8020.39	23642.39	19389.13	26613.98	16779.69	16192.44	20913.91	18571.61	20124.09	22202.71
mmu-miR-376b	19447.18	12694.67	14372.09	23288	28612.34	24094.88	31728.93	39812.47	7818.21	9168.98	5865.83	37812.49	46920.35	38079.42	8859.82	17346.61	14376.93	2886.57	3088.77	2669
mmu-miR-487b	18861.55	13750.62	23711.89	35753.11	33543.82	30310.71	26167	38410.7	3867.91	4768.67	3353.17	19449.94	28316.43	22743.61	12731.34	19000.99	23762.44	6309.79	6484.29	5932.96
mmu-miR-154	18428.47	19576.96	19844.13	29974.12	27033.61	19145.09	18293.43	21632.33	21215.32	24792.28	21853.34	17420.65	21068.7	16749.84	13931.89	12163.85	12893.39	10464.83	11583.65	10503.61
mmu-miR-320	18277.88	12489.81	13852.77	19784.64	24124.37	23351.67	17737.78	22759.19	15369.84	12107.86	24185.46	7409.04	6559.99	9204.89	9762.56	4926.54	6776.83	33459.8	44621.66	38794.97
mmu-miR-338-3p	18138.00	10659.13	8553.84	9321.46	11543.4	6881.84	6769	6212.78	30710.59	26185.64	31498.52	6144.13	6165.44	7433.34	31386.3	19335.28	25771.05	33435.41	34158.72	32456.1
mmu-miR-30c	17729.80	29875.73	26078.54	24335.89	14428.24	17511.3	15289.93	16795.55	39377.02	28672.08	27636.3	8944.59	6425.88	11083.33	6412.2	4323.84	13107.31	14001.89	16257.81	16308.68
mmu-miR-133a	17645.88	14292.56	20528.68	523.94	508.61	3637.43	4483	3820.16	80198.46	104041.88	81698.45	1228.05	1359.87	1259.86	991.15	836.95	940.87	5309.66	5302.85	4309.32
mmu-miR-335-5p	16746.82	7299.46	7773.99	34439.34	31082.15	13365.77	16205.68	23787.26	300.51	308.3	313.71	26846.37	18755.2	30262.08	25788.41	31848.07	36257.64	3870.44	4686.31	4998.81
mmu-miR-708	16470.77	9737.27	13317.72	17078.91	14542.16	9253.93	10953.94	16985.99	16358.62	15074.76	12607.69	34951.89	43376.41	38464.38	11288.83	21053.1	24285.66	1179.02	1333.3	1100.96
mmu-miR-133b	15607.00	2340.97	2584.34	31.28	44.76	490.56	666.25	548.4	83256.91	107168.94	83761.26	105.73	120.86	85.13	107.03	161.05	93.53	5334.05	5305.88	4326
mmu-miR-26b	15598.84	8368.44	7603.51	12824.82	10981.9	9258.84	8017.87	7783.51	6587.07	6182.05	5327.19	7230.56	4225.44	6291.71	23229.12	10197.14	19707.27	47242.15	43118.28	52201.12
mmu-miR-151-5p	15453.45	2770.24	3709.52	8406.52	7031.02	4099.21	4104.02	4206.76	37161.95	40775.93	35082.54	10545.13	15125.49	13993.67	17193.83	16882.99	24621.82	13823	16916.87	17164.98
mmu-miR-100	14876.24	2026.23	2046.66	11628.36	12385.66	9628.69	10367.27	9299.84	8622.81	9064.88	9153.9	11526.79	11891.88	10378.68	37486.73	36406.16	30342.03	20327.95	19206.88	20857.09
mmu-miR-21	14868.12	21324.77	17133.9	21067.12	13191.3	6529.54	10183.85	8692.74	17260.17	14253.96	9290.04	8596.35	6643.42	9942.65	21507.41	12141.89	15536.34	22897.4	22708.7	23592.81
mmu-miR-23b	13161.32	5235.98	4985.95	7694.89	6054.49	6543.58	7450.08	11759.75	7978.16	8344.17	4039.79	19131.78	19987.19	20370.51	21721.46	27802.4	29876.23	14465.37	14724.06	11899.27
mmu-miR-341	12407.51	11120.06	12905.07	21528.5	28893.09	10876.49	8678.72	3532.36	22339.82	29196.59	44464.32	7204.37	6696.45	10914.97	4602.08	1956.95	2483.67	2382.44	2864.02	3102.71
mmu-miR-411	11999.36	6461.4	8011.79	15241.21	18505.25	11666.71	11947.91	10667.25	10929.98	11391.15	14919.11	19293.77	17640.94	16085.86	17789.45	11390.34	11621.93	4919.36	4160.88	5343.55
mmu-miR-340-5p	11421.08	5922.25	4945.73	10713.42	8569.05	5319.64	6468.25	7839.36	20158.67	21396.95	18828.67	10201.74	7423.17	9833.87	13722.49	9225.98	10619.94	16083.47	14581.31	15146.55
mmu-miR-126-3p	11339.32	1623.96	1902.41	5677.33	5415.67	2151.02	2499.1	2207.91	2234.47	2622.57	2302.53	6628.17	7223.55	6819.49	22880.12	23659.12	33129.44	27426.47	28467.12	30576.69
mmu-miR-149	11032.94	12668.6	14884.41	33391.46	32843.97	13836.68	19175.46	18317.6	1362.01	1289.26	645.18	8085.15	8263.73	9459.32	5318.69	8379.27	8753.95	4350.18	4425.11	4175.87
mmu-miR-130a	10580.98	7506.18	10098.67	16437.67	17504.31	13909.66	13709.28	8483.69	930.62	880.86	1006.25	2747.11	2197.32	3049.38	9539.2	6700.49	7099.1	22612.81	28412.45	28213.51
mmu-miR-186	10102.18	12327.79	10637.22	14889.31	16784.11	6525.33	7250.48	8788.67	15394.07	13501.22	15078.92	7797.05	6613.79	8832.23	7757	6439.4	9222.53	6732.62	9451.58	7918.02
mmu-miR-99b	10027.94	5232.26	4672.09	7718.35	8349.33	4493.62	6253.81	4193.88	11303.2	11138.91	11601.45	10113.47	6587.28	8214.6	5998.06	5900.14	4099.62	25873.41	25606.13	23181.34
mmu-miR-143	9991.22	871.58	1018.52	437.92	471.99	421.78	427.53	326.46	174.49	192.19	177.57	458.82	582.47	452.11	44280.5	46940.03	39842.38	18002.43	17439.26	17315.11
mmu-miR-652	9875.10	5944.6	7611.38	7733.99	10603.49	6697.97	6314.5	6125.44	27356.47	32467.79	34694.84	3316.51	4417.25	3295.3	4383.38	4074.95	3129.12	6261.01	7276.99	5921.84
mmu-miR-342-3p	9871.67	11961.84	10207.08	23882.32	16771.91	9804.14	9455.56	5800.41	11259.58	10093.88	14404.14	5537.87	3363.04	6824.22	8208.37	4423.88	6192.5	8594.66	10711.99	10064.34
mmu-miR-23a	9795.23	4288.05	4169.38	7624.51	5387.19	4232.55	4655.63	5637.18	741.59	864.85	343.31	14351.5	13175.34	14296.34	21260.78	27856.08	29265.03	9619.18	10678.59	7662.24
mmu-miR-361	9648.60	8787.47	9100.25	16727.01	10636.04	10352.24	10128.55	11071.03	13232.31	13180.91	12036.5	13575.48	8680.12	13295.64	6095.78	3952.95	4533.01	5919.5	5585.3	6433.39
mmu-miR-98	9212.52	7055.49	6704.76	6748.67	5488.91	8071.39	7022.55	10330.77	21292.87	21036.6	19390.99	4246.76	5835.61	4652.58	8836.56	8225.55	12038.65	6594.39	5609.6	5855.11
mmu-miR-195	9179.11	2793.52	3466.47	7045.83	4605.97	2176.98	3598.27	2371.14	402.3	388.38	266.36	5248.8	3885.47	4586.37	2833.84	3774.82	3633.82	39110.97	41721.2	42492.64
mmu-miR-497	9085.42	1534.57	1646.25	2048.84	2408.77	1708.88	2178.11	1224.23	271.43	280.27	230.85	3465.89	3509.63	2889.53	3252.63	3284.36	2396.62	44445.02	51558.49	44288.65
mmu-miR-674	8808.66	4951.97	5432.7	8547.28	10892.38	7402.58	6623.34	9308.43	707.66	620.61	958.9	15360.32	18343.49	14954.64	20520.91	15079.76	14030.58	4171.29	5053.8	4403.84
mmu-miR-132*	8794.52	1691.94	1825.47	5583.49	6123.66	3732.87	4504.57	6520.63	571.95	720.71	458.73	21075.7	27390.87	20222.95	14336.72	23380.95	25032.06	1650.63	1321.16	950.83
mmu-miR-541	8700.90	5840.31	5931.91	20230.38	16841.08	8346.5	8046.2	12233.69	5641.91	4456.36	6149.95	3094.38	4616.87	4889.03	11977.51	14072	15186.29	5569.86	6493.41	5699.42
mmu-miR-185	8292.58	17188.51	19149.96	17211.85	17886.78	11251.25	9710.46	9132.31	2205.38	2358.31	2950.67	4373.84	5710.85	6668.16	7733.73	3952.95	8114.98	3504.54	4173.03	4281.51
mmu-miR-15a	7846.31	5580.51	6342.81	10142.56	12902.41	5028.39	6844.53	4778.07	896.69	1017	467.61	6322.61	6967.02	5890.68	6593.68	9245.5	7914.95	16742.1	18365.59	17037.09
mmu-miR-221	7764.65	474.9	377.68	711.62	610.33	1470.27	836.18	3999.15	77.55	56.05	38.47	30653.72	24472.28	21994.51	13959.81	13088.65	17055.06	5057.59	6311.18	6283.26
mmu-miR-598	7521.69	8005.29	9346.8	10330.24	10395.98	5850.2	6732.59	9945.6	3451.06	3707.63	2364.68	5822.08	6390.79	6020.26	3587.67	4026.15	4526.53	13692.9	14019.44	14696.16
mmu-miR-451	7317.97	198.34	146.88	383.18	284.82	80.71	122.73	150.34	402.3	472.46	331.47	124.16	90.45	86.07	14318.11	22082.82	36515.08	20189.72	24212.08	18849.79
mmu-miR-369-5p	6806.75	5448.29	7203.97	9954.88	12568.76	8987.94	9984.24	11463.36	2442.89	2610.56	1438.34	8030.83	9556.55	7025.68	6295.87	10255.7	11038.52	1715.68	1649.17	1657
mmu-miR-127*	6591.63	7734.32	9076.65	12136.66	14615.4	8418.79	7336.79	8065.59	2883.96	2818.76	3850.38	6054.89	7207.18	7307.54	6630.91	6402.8	7173.18	2219.81	2693.94	2613.39
mmu-miR-378	6575.45	4978.98	5528.87	2541.5	3316.13	4106.23	4342.73	7260.89	6199.31	5877.76	8005.59	6211.06	7303.87	6783.55	8720.23	9408.99	6627.74	8562.13	10478.13	8679.8
mmu-miR-376c	6361.76	2178.94	2051.03	2979.43	5086.1	3300.56	3687.28	5064.44	8569.5	9829.63	9219.01	8238.41	7650.85	7922.34	9613.65	12593.31	11540.44	3415.1	4157.85	3775.52
mmu-miR-410	6162.88	9465.36	9792.67	10236.4	6835.71	8787.93	7570.11	9805.28	6456.2	8067.9	5969.42	8163.72	7043.43	7417.26	2145.16	2847.59	3322.67	894.43	1272.56	1000.87
mmu-miR-328	5670.99	6033.06	6333.2	8242.3	6111.45	4877.51	5282.76	3465.07	4691.9	5293.18	4294.31	6582.58	6032.88	6288.87	3643.51	4877.74	4412.63	6496.81	7638.41	7150.69
mmu-miR-384-3p	5518.88	13208.68	10657.33	6490.61	10147.78	8535.28	11749.66	11416.11	2355.64	3099.03	2068.73	2544.37	2461.65	2463.91	2536.03	4377.52	2924.47	2748.34	2854.91	2218.6
mmu-miR-382*	5377.92	8468.08	8672.74	8664.58	7283.29	6622.88	7788.6	8900.35	6698.55	7619.46	4315.03	3694.82	2832.81	3935.63	2335.94	3579.61	4317.25	2138.5	2566.38	1745.97
mmu-miR-425	5357.05	4667.97	4577.67	9290.18	6074.83	5266.3	5598.35	7405.51	7653.41	5833.71	7176.92	2136.96	2493.62	2663.48	5807.28	5392.6	6515.69	3927.36	5154.03	4148.06
mmu-miR-324-5p	5256.14	5563.75	6454.72	7499.39	10090.81	5408.07	4125.6	3520.91	9165.68	9525.33	12400.53	2760.69	3086.23	4322.48	2810.57	1895.95	3101.34	2618.24	2930.84	2585.59
mmu-miR-93	5227.34	2561.65	2987.37	7350.81	7043.22	3794.63	3467.44	5045.82	9354.71	7199.05	11311.41	4516.43	3887.03	6356.03	5341.95	3040.35	4403.37	3252.47	4285.4	4120.26
mmu-miR-379	5111.02	3916.51	4875.79	8429.98	10513.98	6471.29	5249.04	5150.35	2365.34	2582.53	3048.34	7075.35	8597.46	8033.94	6086.48	4082.27	5312.75	1910.83	1627.91	1779.33
mmu-miR-129-1-3p	5093.44	1695.66	1790.5	617.78	1021.29	1471.67	1951.53	2623.14	2942.13	3287.22	1834.92	4357.35	5348.27	3723.76	3336.39	7249.51	4729.34	17856.07	17721.71	13217.09
mmu-miR-377	5080.47	3844.81	2996.99	6224.73	4426.94	3794.63	4580.1	6503.44	9359.56	10025.82	7543.9	6310	6231.72	6253.88	2968.79	5004.63	5514.63	1593.71	1977.18	1373.42
mmu-miR-129-5p	4925.52	3915.58	3352.82	4926.61	4443.21	4542.05	2752.65	2621.71	1866.09	1925.89	1849.72	9164.78	10946.05	9594.58	1982.29	2415.69	3509.73	7830.33	8683.18	7261.89
mmu-miR-500	4565.09	1267.33	1362.98	6490.61	6001.59	4058.51	3912.51	4667.82	4813.07	4488.4	4208.48	2101.07	1982.89	2283.25	5849.16	5973.34	5425.73	6545.6	8865.41	6438.95
mmu-miR-126-5p	4555.06	450.69	377.68	1548.36	1452.59	402.83	615	418.1	1017.87	1425.4	748.77	2845.08	1531.42	2106.38	13424.68	7808.29	8805.81	14140.12	12197.16	15229.96
mmu-miR-154*	4539.19	4277.8	3787.33	6725.21	6249.79	5205.25	5122.27	8124.29	3596.47	4035.95	2702.07	9233.66	6317.49	7875.99	2373.17	3098.92	3966.27	1113.97	1287.75	1151
mmu-miR-1	4310.23	18485.63	23233.67	852.38	736.47	6174.43	5131.71	5685.86	2796.72	2826.77	2432.75	1399.74	1718.56	1814.12	3057.2	1412.81	3291.18	227.67	321.94	294.7
mmu-miR-136	4188.97	6844.12	6000.97	7820.01	7596.59	3271.79	4224.05	5244.85	3053.61	3099.03	2663.6	2508.48	2661.27	2633.21	2517.42	4260.4	4800.64	3789.13	3626.35	2974.82
mmu-miR-27a	4107.36	4623.27	4061.85	5208.13	3983.43	2976.33	2753.99	1626.58	227.81	316.31	124.3	9339.39	8802.54	11163.72	6486.66	3816.3	4397.81	2910.96	2785.06	2435.46
mmu-miR-181d	4055.63	3917.44	3449.86	6733.03	5916.15	4660.65	4129.64	5572.74	5438.33	3687.61	8257.15	2449.31	2632.42	2784.55	3145.61	2127.76	2958.73	2431.22	3523.08	3241.72
mmu-miR-1839-5p	3762.25	2121.21	2816.02	3628.49	3446.34	3471.1	2981.92	3591.07	5525.58	5445.33	6602.76	3471.71	4398.54	4003.73	4397.34	4528.81	6079.52	1553.06	1813.17	1606.96
mmu-miR-551b	3722.66	152.71	157.37	7053.65	6786.89	5845.99	4611.12	6517.76	2050.28	1857.82	1095.03	6295.45	5871.48	5482.08	2810.57	5792.78	7701.96	235.8	200.45	211.3
mmu-miR-3107	3594.84	2237.61	2168.18	2510.22	3133.03	1157.97	1529.4	569.87	15403.76	15002.69	12362.05	365.7	323.59	370.77	237.32	197.65	199.1	3707.82	3316.56	3508.62
mmu-miR-486	3594.72	2237.61	2166.44	2494.58	3137.1	1157.97	1526.7	572.74	15384.38	15022.71	12359.09	366.67	325.15	370.77	241.97	195.21	200.03	3715.95	3310.48	3514.18
mmu-miR-300*	3523.83	5814.24	6964.42	8297.04	10164.05	3889.37	2940.11	4175.26	3005.14	2710.65	3308.78	1378.4	1973.53	2322.98	2522.07	1693.42	3183.76	829.38	929.36	850.74
mmu-miR-770-5p	3505.02	2531.86	2558.98	6334.21	6921.16	4106.23	3281.33	3735.69	8521.03	7803.64	9023.68	1703.36	2126.36	2740.09	1074.91	883.31	1423.34	528.53	747.14	550.48
mmu-miR-29c*	3492.75	3276.79	3312.6	3370.43	3552.13	3659.18	3592.87	3841.64	4498.02	5028.92	4824.07	3276.74	4188.01	3260.3	3750.53	4287.24	3428.24	1772.6	1907.32	1534.67
mmu-miR-409-3p	3457.52	2554.21	2962.02	3714.51	4256.04	4649.42	5031.91	5420.97	1812.78	2054.01	2684.31	5917.14	7809.92	6139.43	3117.69	2969.59	3348.6	398.43	406.98	444.83
mmu-miR-708*	3206.81	3071.01	3184.08	3511.19	3824.74	1951.7	2441.1	3105.67	3833.98	4188.1	3805.98	5288.57	5107.33	5047.94	3997.16	4309.2	2993.92	365.9	406.98	494.88
mmu-miR-194	3152.38	2124.93	2144.58	3018.53	2018.16	1747.48	1803.18	1991.7	1924.26	1701.67	1219.34	1826.55	1896.34	2273.79	1209.85	1041.92	2149.36	9920.04	10970.15	8913.33
mmu-miR-132	3129.21	1409.79	1556.2	8422.16	5521.47	1881.52	1720.91	2561.57	353.83	456.45	328.51	6861.95	6151.41	8429.31	3862.21	3616.21	3995.91	894.43	847.36	583.84
mmu-miR-434-5p	3055.26	4102.74	3930.71	4082.05	4003.77	4310.45	3858.56	4302.7	1575.27	1909.87	1645.51	3978.07	4839.1	3922.39	2177.73	3660.14	2991.14	902.56	1117.67	739.53
mmu-miR-29a*	3036.89	4272.22	3308.23	3425.17	4573.42	2539.11	2698.7	3953.33	969.4	1077.05	1180.86	2653.98	3196.95	2818.6	4136.76	5473.12	5601.68	2154.76	1977.18	1690.36
mmu-miR-873	2975.36	532.63	403.91	3479.91	3063.86	3392.5	2669.03	2578.75	809.45	1089.07	1243.01	6601.01	7552.61	6219.83	5625.8	5521.93	5133.1	187.02	233.86	194.61
mmu-miR-101a	2942.91	2090.48	2034.42	3253.13	4874.51	2006.44	2299.49	2527.21	702.81	684.67	574.15	2771.36	3350.56	2623.75	1917.15	3189.2	2554.05	6878.98	6678.67	4904.28
mmu-miR-484	2750.27	2414.53	2426.09	1790.78	1704.86	1320.79	1517.26	1759.74	2883.96	2606.55	1755.01	2023.47	2043.71	2282.31	697.99	1063.88	1120.52	8334.46	8142.57	6366.67
mmu-miR-204	2708.95	81.01	69.94	1290.3	1265.42	163.52	253.55	181.84	111.48	92.09	44.39	726.55	503.72	788.83	572.35	502.66	676.02	17295.02	12555.54	14295.81
mmu-miR-140*	2693.32	3107.32	2945.41	4793.67	4390.32	3021.25	3333.92	2942.44	1914.56	2210.16	2311.41	1586.96	1903.36	2120.57	2308.02	2623.1	2498.48	2244.21	2526.9	2390.98
mmu-miR-301a	2669.02	5245.29	5090.86	7663.61	5635.39	1461.15	1889.49	2359.68	5448.03	3555.48	4184.81	487.92	523.21	654.52	530.47	688.11	686.2	1374.17	1670.43	1562.47
mmu-miR-323-3p	2569.55	2329.79	2304.57	3745.79	3470.75	3530.05	3520.04	2965.35	1483.18	2046	1503.45	4599.85	3373.18	4249.65	2140.5	2125.32	2297.53	1040.79	977.96	1117.64
mmu-miR-30a*	2561.23	3432.3	3734.87	2643.16	3010.97	2084.34	2060.78	1013.75	2753.1	3183.12	3181.52	1815.88	1557.93	1952.21	1796.16	1288.37	1648.37	3472.01	4203.4	3831.12
mmu-miR-222	2463.03	121.98	90.05	117.3	126.14	657.59	416.74	1229.96	14.54	12.01	8.88	6178.08	8338.59	7272.55	5509.47	5800.1	7150.03	1138.37	1369.75	1245.53
mmu-miR-744	2460.84	2604.49	3502.32	4895.33	7551.83	1763.62	1898.93	1530.64	2404.11	2770.71	3045.38	1713.06	2130.26	2468.64	1219.16	1127.32	1117.74	1715.68	1767.62	1529.11
mmu-miR-7a	2380.19	601.54	785.09	12519.84	8768.43	2568.59	2205.08	4188.15	538.02	564.55	855.31	1330.87	3004.36	2664.42	874.81	1163.92	1303.88	414.69	482.91	389.23
mmu-miR-1843-5p	2358.42	2685.5	3132.5	2346	2844.14	1939.77	2101.24	2621.71	3024.53	3010.95	2684.31	2260.16	3175.9	2424.18	2512.77	2828.07	3083.75	715.54	734.99	683.93
mmu-miR-22*	2296.78	1422.83	1405.82	2346	2486.08	1797.31	1815.32	1943.01	1429.86	1597.56	1243.01	2677.27	2906.89	2646.45	4397.34	4397.04	5272.93	1317.25	1263.45	1273.33
mmu-miR-146b	2223.37	2096.07	1970.6	4989.17	3906.12	2511.74	3096.56	3747.14	843.38	560.55	828.67	1485.11	1502.57	1728.99	2010.21	2071.64	2955.95	1731.94	2150.3	2057.35
mmu-miR-1983	2107.49	1229.15	1342.88	688.16	1155.56	1478.69	1492.98	1530.64	5637.06	7407.25	5889.51	1074.79	1513.48	1261.75	2173.08	2198.52	1884.51	691.15	792.69	600.52
mmu-miR-532-5p	2081.37	446.03	372.44	3120.19	2168.71	2004.34	1858.47	2557.28	2142.37	1993.95	2024.33	1624.79	1424.59	1872.76	3094.42	2459.61	2794.82	2431.22	2675.72	2479.94
mmu-miR-134	2058.08	3364.32	3479.59	3714.51	6978.12	3769.36	3747.97	2650.35	659.19	692.68	979.61	1781.93	2237.09	1845.33	930.65	900.39	619.53	268.33	239.93	244.66
mmu-miR-370	2031.09	1912.63	1920.77	2635.34	3328.34	3464.08	2592.15	2127.72	1706.14	1625.59	3140.09	2842.17	3002.8	3862.8	1321.53	910.15	1273.32	284.59	373.57	266.9
mmu-miR-30e*	1983.32	2740.44	3135.12	2330.36	2958.07	1277.98	1270.45	844.79	2951.82	3351.28	2592.57	797.36	751.67	889.09	744.52	1422.57	1665.96	2374.3	3015.88	2568.91
mmu-miR-31	1757.54	116.4	130.27	1829.88	1993.75	762.86	575.88	1101.09	1512.26	1525.49	2101.28	3436.79	3633.61	4386.8	2866.41	2659.7	3930.16	308.98	315.86	205.74
mmu-miR-325	1706.96	3547.77	6077.91	977.5	1371.21	1147.44	1567.16	1386.03	2132.68	3050.99	1092.07	853.62	1065.13	948.68	972.53	1332.29	1488.16	1536.79	944.55	939.71
mmu-miR-872	1670.55	1259.88	1098.95	1000.96	1432.24	1313.07	1492.98	1669.53	959.71	1305.28	1109.83	2262.1	2417.21	2023.15	3010.66	3677.22	2671.65	1073.32	1050.85	911.91
mmu-miR-330	1598.18	3273.07	3684.16	3573.75	4422.87	2602.97	3099.26	1300.12	329.6	476.47	455.77	857.5	1415.24	1049.88	879.47	868.67	543.59	585.44	519.35	428.15
mmu-miR-433*	1555.28	2768.37	3811.81	3057.63	2538.98	1374.82	1564.46	1974.52	2375.03	2710.65	2009.54	532.54	959.09	677.22	581.66	890.63	889.93	292.72	246.01	294.7
mmu-miR-380-3p	1484.88	4026.39	3521.55	2181.78	2864.49	1955.21	1561.77	2021.77	601.03	752.74	725.09	1564.65	2251.12	1615.49	502.55	619.78	701.95	300.85	194.38	250.22
mmu-miR-3068	1441.32	1945.22	2249.49	1485.8	1818.79	1220.43	1499.73	1673.83	2050.28	2334.29	2355.8	504.41	903.72	667.76	1400.63	1786.15	1492.79	707.41	771.43	517.12
mmu-miR-421	1350.67	782.18	1073.6	3581.57	2018.16	1027.43	1020.95	1340.21	3955.15	3607.53	2444.59	676.11	538.02	886.25	516.51	368.45	764.92	317.12	349.27	394.79
mmu-miR-485*	1350.59	1713.36	1876.18	1743.86	1061.98	1536.24	2164.62	1894.33	2055.13	1949.91	1106.87	1997.28	1810.57	2063.82	493.25	568.54	570.45	471.61	321.94	261.34
mmu-miR-20a	1275.10	310.08	475.6	969.68	838.19	380.38	307.5	645.76	974.25	812.8	535.68	1337.66	1282.68	1937.08	3043.24	1839.83	3363.41	1609.97	1794.95	1768.21
mmu-miR-3072	1266.85	1978.74	1615.65	1790.78	1550.24	1718.71	1584.69	632.88	2588.3	3091.03	3255.51	709.09	598.06	716	386.22	246.45	263.92	406.56	531.5	405.91
mmu-miR-181c*	1263.30	1306.43	1135.67	1407.6	1273.56	1228.85	1211.11	1208.48	1667.37	2046	2548.17	832.28	942.71	781.26	1423.9	1383.53	1175.16	642.36	926.33	861.86
mmu-miR-135a	1237.63	72.63	67.32	172.04	109.86	259.67	383.02	672.97	77.55	20.02	29.6	1038.9	1499.45	1345.93	2247.53	4660.57	4089.44	2488.14	2122.96	2157.44
mmu-miR-337-5p	1218.06	901.37	1112.94	1837.7	1835.06	1289.91	996.67	952.18	1725.53	2017.98	2586.65	908.91	1196.13	1275.93	1209.85	712.51	1136.26	479.74	561.87	405.91
mmu-miR-125b-2-3p	1183.95	1152.79	1158.4	2150.5	2132.09	1357.98	1599.53	1686.71	489.55	468.46	423.22	1283.34	1390.28	1475.51	1121.44	1532.38	1353.89	536.66	698.54	483.76
mmu-miR-124*	1144.92	816.64	706.41	672.52	528.95	717.94	872.59	780.36	610.72	848.83	618.55	959.35	1250.71	1056.5	1642.6	2469.37	2331.79	1618.1	1694.72	1556.91
mmu-miR-135b	1144.31	74.49	36.72	563.04	370.27	169.84	261.64	471.08	9.69	20.02	5.92	1398.77	1415.24	1418.76	1447.17	2484.01	2257.71	3366.31	3146.48	2824.69
mmu-miR-138-2*	1132.63	777.53	847.17	586.5	626.61	921.46	759.3	1238.55	2641.61	3335.27	3308.78	1019.49	998.85	887.2	753.83	856.47	1064.96	333.38	279.42	283.58
mmu-miR-339-5p	1125.02	811.98	604.99	1204.28	1896.1	1065.33	1287.98	571.31	664.04	780.76	553.44	2110.77	1936.11	2516.87	926	758.87	376.9	1252.2	1184.48	872.98
mmu-miR-872*	1123.85	1241.25	1095.46	1423.24	1232.87	1016.21	895.52	1025.2	1526.8	1449.42	1302.2	1338.63	1148.56	1392.27	884.12	846.71	1268.69	788.72	832.18	645.01
mmu-miR-326	1107.55	2871.73	2486.42	2697.91	1704.86	1224.64	1108.61	325.03	397.45	472.46	298.91	938.01	1069.81	1084.88	200.09	268.41	197.25	1658.76	1120.7	917.47
mmu-miR-187	1104.19	77.29	82.18	5513.11	8552.78	2047.85	1707.42	1403.21	4.85	32.03	20.72	41.71	52.24	51.08	97.72	75.64	188.91	341.51	328.01	361.43
mmu-miR-431	1092.59	1532.71	1468.77	1564	1924.58	1442.2	1181.44	1341.64	959.71	1077.05	1053.6	1639.34	2307.26	1806.55	265.24	348.93	366.72	187.02	170.08	122.33
mmu-miR-125a-3p	1087.81	884.61	964.32	1829.88	1806.58	1244.99	1246.18	1536.37	542.86	712.7	630.38	1309.53	1469.04	1328.9	1051.64	1095.6	845.48	544.79	962.77	661.69
mmu-miR-193b	1024.76	227.21	290.26	954.04	1204.39	680.75	708.05	1575.03	2331.41	2566.51	2234.46	1384.22	1384.05	1339.31	349	539.26	655.64	365.9	391.79	289.14
mmu-miR-344	1022.99	717	955.57	1759.5	1672.31	1074.45	845.62	1592.21	334.44	324.32	316.67	995.24	927.9	1275.93	870.16	651.5	1295.54	1122.1	1394.05	1312.26
mmu-miR-150	1020.62	116.4	92.67	70.38	77.31	18.95	33.72	7.16	48.47	40.04	20.72	32.98	19.49	27.43	1623.99	2052.12	1473.35	4716.08	4127.47	4793.07
mmu-let-7d*	996.36	1044.78	1053.49	891.48	720.19	552.32	749.86	800.4	1531.65	1321.29	651.1	942.86	1207.04	1078.25	535.13	714.95	650.09	1642.5	1469.98	1373.42
mmu-miR-92b	980.25	96.84	66.44	125.12	113.93	130.53	115.99	399.48	58.16	40.04	8.88	1651.95	1250.71	1603.19	1503.01	1356.69	1302.03	3350.05	2888.32	2563.35
mmu-miR-374	973.00	255.14	208.08	774.18	463.85	361.43	465.29	897.77	305.36	436.43	213.09	1132.99	1025.36	1014.88	693.34	1883.75	1802.09	2390.57	2350.75	1812.69
mmu-miR-1981	968.69	670.44	792.96	1423.24	1513.62	1338.33	923.84	1313	460.46	472.46	615.59	1159.18	1616.41	1925.73	1330.83	976.04	1522.43	113.84	136.67	100.09
mmu-miR-345-5p	962.93	1018.7	915.36	453.56	602.19	782.51	702.66	681.56	2152.07	3131.07	2474.19	485.98	509.17	448.33	404.83	470.94	475.99	878.17	935.44	772.9
mmu-miR-1843-3p	947.97	559.63	942.46	930.58	760.88	486.35	809.21	972.22	2026.05	2422.37	979.61	1213.5	1391.84	1185.13	614.23	1010.2	860.3	325.25	315.86	205.74
mmu-miR-431*	942.76	1469.39	1674.22	1345.04	2030.37	1102.53	1084.33	866.27	1168.13	1277.25	1568.56	606.26	712.69	688.57	707.3	461.18	456.54	170.75	233.86	289.14
mmu-miR-212-3p	930.07	514.94	514.07	2134.86	1338.66	773.38	788.97	969.36	324.75	236.23	150.94	2327.09	2161.45	2966.15	716.6	717.39	676.02	73.18	176.15	111.21
mmu-miR-665	930.03	1315.75	1472.27	1446.7	1725.2	848.48	1056.01	1154.07	1008.18	1017	825.72	1049.57	1183.65	1504.83	460.67	485.58	538.96	178.89	215.64	183.49
mmu-miR-676	923.86	39.11	36.72	711.62	935.84	510.21	454.5	231.96	2186	2794.74	3711.28	780.87	796.12	805.85	818.98	758.87	710.28	487.87	443.42	339.18
mmu-miR-485	909.27	1551.33	2011.69	1689.12	2201.26	1802.22	1464.66	1376	24.23	24.02	50.31	804.15	1013.67	1086.77	660.76	685.67	781.59	24.39	24.3	0
mmu-miR-181a-1*	869.48	604.33	589.26	844.56	1818.79	588.81	784.93	816.15	363.52	416.41	440.97	431.66	486.56	356.58	1302.92	1834.95	1443.71	1325.38	1175.37	895.23
mmu-miR-7b	855.82	230.93	263.15	4778.03	3340.55	1003.57	826.74	1136.89	29.08	36.04	56.23	619.85	1232	1054.61	274.54	417.26	449.13	219.54	170.08	122.33
mmu-miR-362-5p	852.38	199.27	178.35	1290.3	1021.29	576.88	601.51	803.27	853.07	812.8	840.51	281.31	308	353.74	1051.64	1041.92	1175.16	1341.64	1813.17	1651.44
mmu-miR-15b	836.93	184.37	215.07	312.8	345.85	122.11	195.56	164.66	1366.85	1385.36	600.79	406.44	246.4	374.55	846.89	1432.33	965.87	2756.47	2211.04	1768.21
mmu-miR-188-5p	815.45	348.26	293.75	1908.08	2331.47	975.5	1069.5	816.15	591.33	744.73	671.82	751.77	660.44	765.18	558.39	378.21	297.26	683.02	920.25	728.41
mmu-miR-212-5p	799.70	378.06	410.03	1579.64	858.53	650.57	760.65	1192.73	184.19	156.15	150.94	1259.09	1777.82	1685.48	795.71	1141.96	1847.47	121.97	115.41	127.89
mmu-miR-28	798.00	565.22	838.42	680.34	484.2	484.94	594.77	711.63	906.39	764.75	695.49	150.35	230.02	215.65	390.87	883.31	814	2089.71	1943.77	1718.17
mmu-miR-329	734.98	546.6	561.28	508.3	488.27	427.4	583.98	887.74	1143.89	1265.24	580.07	992.33	1056.55	900.44	572.35	907.71	816.78	788.72	525.43	411.47
mmu-miR-338-5p	709.30	363.16	399.54	695.98	573.71	397.22	451.81	548.4	688.27	576.56	612.63	583.95	470.97	531.56	1158.66	1166.36	1462.23	951.35	999.22	845.18
mmu-miR-409-5p	698.64	659.27	687.17	1079.16	980.6	817.6	891.47	1040.95	1032.41	744.73	719.17	458.82	727.5	550.48	595.62	875.99	888.08	146.36	173.12	205.74
mmu-miR-344b	688.66	771.94	1139.17	1313.76	1741.48	419.68	449.11	453.9	1362.01	1593.56	1370.27	410.32	244.06	401.98	423.45	236.69	388.94	97.57	160.97	105.65
mmu-miR-299*	686.45	688.14	588.38	430.1	386.54	544.6	596.11	745.99	678.58	816.8	491.29	695.51	768.83	732.08	456.02	658.82	828.81	1292.86	853.44	789.58
mmu-miR-1937a	673.52	76.36	43.71	125.12	150.55	313	760.65	476.8	2089.06	2526.47	1778.69	1107.77	400.01	751	358.3	346.49	105.57	479.74	574.02	333.62
mmu-miR-672	671.47	414.37	477.35	2220.88	1155.56	881.46	787.63	1248.57	19.39	16.02	11.84	732.37	934.91	1336.47	795.71	451.42	768.62	121.97	194.38	189.05
mmu-miR-488	670.74	647.16	610.24	868.02	1127.08	673.73	632.53	475.37	615.57	632.62	796.12	821.61	1002.75	751.94	935.31	805.23	762.14	170.75	215.64	200.17
mmu-miR-7a-1*	669.74	601.54	578.77	508.3	642.88	363.53	543.52	518.33	712.51	820.8	520.88	604.32	422.62	680.06	577.01	783.27	700.09	1219.68	1154.11	772.9
mmu-miR-1937b	664.79	76.36	40.22	125.12	150.55	306.69	751.21	475.37	2098.75	2494.44	1775.73	1087.4	393.77	744.37	349	341.61	95.38	447.21	549.72	328.06
mmu-miR-99a*	664.01	652.75	773.73	875.84	1379.35	856.2	1109.96	876.29	140.56	132.13	121.34	545.15	547.38	553.32	814.32	866.23	570.45	512.26	677.28	611.64
mmu-miR-151-3p	653.61	198.34	190.59	367.54	406.89	139.66	229.27	289.23	1037.26	1217.19	911.54	1017.55	1278	1008.26	1000.45	1076.08	765.84	439.08	434.31	411.47
mmu-miR-501-3p	652.75	248.62	228.18	1047.88	764.95	683.55	687.82	824.74	1502.57	1004.98	1308.12	295.86	388.31	375.5	549.09	502.66	596.38	414.69	522.39	455.95
mmu-miR-668	641.88	769.15	950.33	1423.24	1814.72	1009.19	691.87	562.72	213.27	292.29	257.48	272.58	307.22	385.9	595.62	427.02	787.14	430.95	476.83	528.24
mmu-miR-664	641.83	941.42	834.05	727.26	471.99	262.47	383.02	313.57	1807.93	2058.02	796.12	573.28	372.72	652.63	316.42	380.65	342.64	430.95	279.42	250.22
mmu-miR-543*	633.51	680.69	802.58	852.38	850.4	934.09	841.57	970.79	368.37	540.53	600.79	577.16	813.27	576.96	544.43	714.95	715.84	284.59	200.45	166.81
mmu-miR-490-5p	620.96	535.42	529.81	2291.26	1883.89	633.72	767.4	604.24	4.85	0	0	1163.06	1151.68	1390.38	335.04	248.89	160.21	48.79	27.33	22.24
mmu-miR-376a*	612.97	962.83	774.6	1118.26	793.43	593.02	636.57	877.72	693.12	828.81	680.7	521.87	577.79	470.08	535.13	629.54	598.23	146.36	130.6	77.85
mmu-miR-330*	606.01	1287.81	1352.49	1704.76	1265.42	710.92	922.49	748.86	227.81	212.21	198.29	362.79	268.23	423.74	451.37	370.89	375.98	162.62	300.68	166.81
mmu-miR-490-3p	602.09	561.5	619.86	2072.3	2445.39	570.56	633.88	658.65	0	4	2.96	844.89	717.37	1000.7	311.77	268.41	388.01	97.57	130.6	111.21
mmu-miR-130b	583.81	1721.74	1868.31	1274.66	964.32	1016.21	1058.71	904.93	92.09	64.06	153.9	239.6	169.2	265.78	414.14	265.97	247.26	154.49	100.23	116.77
mmu-miR-1224	578.87	578.26	611.11	1540.54	1436.31	857.6	699.96	637.17	227.81	188.18	423.22	754.68	918.54	778.42	469.98	348.93	298.19	105.71	85.04	38.92
mmu-miR-34c	575.05	754.25	955.57	2322.54	2429.12	633.02	493.62	713.06	43.62	40.04	47.35	82.45	121.64	85.13	102.37	104.92	205.58	626.1	598.32	567.16
mmu-miR-361*	563.02	660.2	565.65	1759.5	785.29	425.99	376.28	273.48	983.94	560.55	967.77	256.09	283.05	478.59	237.32	85.4	145.39	650.49	607.43	594.96
mmu-miR-139-3p	559.19	409.72	431.89	1892.44	1721.13	776.19	581.28	609.97	334.44	296.29	594.87	528.66	532.57	845.58	404.83	192.77	340.79	32.52	48.59	50.04
mmu-miR-192	553.64	380.85	349.71	398.82	419.09	299.67	353.35	204.75	276.28	328.32	227.89	283.25	295.52	318.75	339.69	263.53	311.15	2154.76	1706.87	1606.96
mmu-miR-298	550.84	68.91	82.18	1235.56	1383.42	2246.46	1436.34	1729.67	9.69	16.02	14.8	67.9	116.18	111.61	553.74	558.78	526	121.97	103.26	83.41
mmu-miR-190	538.44	508.42	335.72	875.84	638.81	277.91	226.58	567.01	1095.42	884.87	716.21	317.2	386.75	390.63	628.19	436.78	990.87	341.51	328.01	283.58
mmu-miR-106b	533.11	362.23	430.14	523.94	496.4	308.79	352	481.1	790.06	756.74	588.95	597.53	653.43	593.04	642.15	527.06	521.37	577.31	537.57	389.23
mmu-miR-3475	521.36	419.03	507.08	914.94	1179.97	1079.37	1475.45	1088.2	9.69	12.01	5.92	342.42	564.54	344.28	567.7	841.83	497.29	16.26	12.15	27.8
mmu-let-7e*	508.12	398.54	399.54	774.18	353.99	465.99	558.35	529.78	271.43	324.32	254.52	565.52	557.52	552.37	572.35	500.22	431.54	845.64	592.24	706.17
mmu-miR-582-5p	504.76	226.27	166.11	273.7	223.79	162.12	180.72	284.94	82.4	88.09	17.76	895.33	942.71	922.19	362.95	588.06	738.06	1390.43	1233.08	811.82
mmu-miR-378*	485.73	358.5	396.92	195.5	183.1	216.15	213.09	161.8	382.91	324.32	369.94	293.92	303.32	361.31	251.28	168.37	159.28	1601.84	1591.46	1695.92
mmu-miR-1198-5p	477.62	626.68	592.75	758.54	630.68	555.83	581.28	767.47	227.81	264.26	204.21	934.13	905.28	1003.53	288.5	253.77	305.6	81.31	48.59	44.48
mmu-miR-700	473.45	585.71	550.79	1180.82	1782.17	564.95	774.14	451.03	227.81	376.37	298.91	71.78	36.65	75.67	237.32	268.41	116.68	455.35	507.2	433.71
mmu-miR-412-5p	466.54	482.35	604.99	985.32	728.33	798.65	743.12	342.21	460.46	472.46	790.2	188.18	300.2	323.48	563.05	392.85	457.47	81.31	60.74	88.97
mmu-miR-148b	450.52	519.59	541.17	594.32	406.89	370.55	547.56	577.03	213.27	288.28	346.27	433.6	429.64	401.04	739.87	771.07	667.68	260.2	279.42	172.37
mmu-miR-33	447.68	55.87	62.95	289.34	919.57	320.72	388.42	542.67	67.86	84.08	65.11	734.31	1341.16	823.82	423.45	829.63	438.95	536.66	397.87	183.49
mmu-miR-383	444.55	265.38	336.59	226.78	402.82	444.94	392.46	459.62	285.97	280.27	375.86	627.61	722.04	816.26	1158.66	722.27	814	32.52	54.67	27.8
mmu-miR-544-5p	429.57	521.46	418.77	664.7	891.08	436.52	608.25	469.65	77.55	68.07	47.35	382.19	421.84	341.45	884.12	910.15	445.43	227.67	206.53	139.01
mmu-miR-467e	413.20	317.53	317.36	414.46	398.75	209.84	161.84	390.89	460.46	340.33	366.98	169.75	187.92	238.35	395.53	719.83	950.13	634.23	598.32	578.28
mmu-let-7a-1*	407.47	351.98	271.9	187.68	313.3	151.59	262.99	252	189.03	244.24	44.39	219.23	233.14	231.73	316.42	675.91	410.24	1390.43	1145	850.74
mmu-let-7c-2*	407.38	351.98	271.9	187.68	313.3	151.59	260.29	252	189.03	244.24	44.39	219.23	233.14	231.73	316.42	675.91	411.17	1390.43	1145	850.74
mmu-miR-340-3p	402.40	278.42	310.37	641.24	504.54	111.59	245.46	379.44	867.61	672.66	204.21	431.66	378.96	454.95	200.09	505.1	538.96	398.43	221.71	300.26
mmu-miR-423-5p	388.90	305.42	348.83	414.46	581.85	436.52	383.02	425.26	484.7	352.35	745.81	176.54	245.62	292.26	549.09	197.65	331.53	292.72	358.38	467.07
mmu-miR-674*	384.77	347.33	340.09	203.32	288.89	285.63	447.76	345.07	29.08	16.02	8.88	967.11	771.95	1116.09	311.77	602.7	441.73	341.51	306.75	139.01
mmu-miR-146a	383.87	108.02	92.67	156.4	203.44	120.01	161.84	121.71	4.85	144.14	2.96	344.36	374.28	354.69	1298.26	1151.72	1452.05	268.33	455.57	478.2
mmu-miR-411*	383.87	551.25	693.29	703.8	764.95	244.93	424.83	449.6	252.04	332.33	153.9	635.37	628.47	578.85	167.52	229.37	267.63	81.31	72.89	61.16
mmu-miR-540-3p	375.11	358.5	441.51	750.72	923.63	489.15	411.35	380.87	353.83	372.36	449.85	328.84	383.63	410.49	218.7	300.13	282.45	73.18	136.67	61.16
mmu-miR-25	355.13	203.93	188.84	250.24	227.86	90.53	138.91	158.93	281.13	308.3	260.44	517.02	438.22	470.08	465.33	439.22	315.78	666.76	753.21	572.72
mmu-miR-337-3p	341.24	304.49	293.75	406.64	471.99	251.24	343.91	372.28	828.84	1069.05	378.82	280.34	339.19	303.61	200.09	178.13	192.62	89.44	78.97	100.09
mmu-miR-543	339.98	499.11	595.38	828.92	646.95	292.65	404.6	458.19	397.45	372.36	236.76	368.61	378.96	430.36	51.19	82.96	129.65	138.23	97.19	50.04
mmu-miR-544-3p	337.33	436.72	445	398.82	301.1	400.73	427.53	558.42	363.52	368.36	328.51	291.98	452.25	350.91	120.98	297.69	194.47	243.94	200.45	227.98
mmu-miR-92a	329.11	54.94	62.95	54.74	105.79	38.6	43.16	58.71	266.58	212.21	103.58	701.33	377.4	666.82	525.82	409.94	469.51	837.51	607.43	656.13
mmu-miR-874	319.78	201.13	294.63	688.16	842.26	213.35	132.17	28.64	315.05	344.34	526.8	110.58	162.19	250.65	93.07	51.24	67.6	585.44	668.17	500.44
mmu-miR-125b-1-3p	319.40	148.06	184.47	664.7	642.88	315.11	369.54	282.07	319.9	372.36	556.4	126.1	208.97	180.65	469.98	497.78	392.65	130.1	112.37	94.53
mmu-miR-144	308.97	18.62	6.99	7.82	28.48	4.91	10.79	11.45	4.85	32.03	8.88	7.76	10.92	5.68	795.71	1381.09	946.42	1105.84	859.51	622.77
mmu-miR-107*	305.26	461.86	500.96	508.3	415.03	286.33	436.97	300.69	431.38	372.36	213.09	202.73	236.26	254.43	176.82	175.69	189.84	178.89	258.16	200.17
mmu-miR-3099	303.04	82.87	76.06	930.58	1061.98	456.87	503.06	536.94	63.01	100.1	65.11	272.58	332.95	284.7	404.83	287.93	185.21	48.79	36.45	27.8
mmu-miR-770-3p	301.36	216.03	280.64	414.46	683.57	348.09	330.43	264.89	334.44	460.45	731.01	299.74	350.89	366.99	209.4	165.93	135.2	24.39	75.93	33.36
mmu-miR-501-5p	301.18	91.25	57.7	359.72	317.37	188.08	214.44	352.23	664.04	488.48	674.78	116.4	128.66	122.96	269.89	322.09	273.18	471.61	337.12	272.46
mmu-miR-496	292.13	402.27	396.92	234.6	496.4	226.68	374.93	349.37	198.73	420.41	180.53	273.55	329.83	230.78	204.74	492.9	385.24	121.97	130.6	100.09
mmu-miR-199a-3p	286.07	39.11	41.09	727.26	744.6	181.06	273.78	243.41	33.93	60.06	29.6	79.54	70.96	62.43	437.41	719.83	711.21	243.94	385.72	350.31
mmu-miR-199b	285.82	39.11	41.09	727.26	740.54	180.36	273.78	243.41	33.93	60.06	29.6	79.54	70.96	62.43	437.41	719.83	711.21	243.94	385.72	350.31
mmu-miR-499	281.17	752.39	583.14	297.16	341.79	385.29	384.37	378.01	29.08	32.03	23.68	222.14	127.88	185.38	386.22	300.13	303.74	252.07	185.27	172.37
mmu-miR-101a*	277.77	211.38	176.6	336.26	427.23	205.63	245.46	270.62	38.78	44.04	41.43	197.88	232.36	213.76	414.14	353.81	327.82	569.18	537.57	433.71
mmu-miR-299	263.94	321.25	374.19	484.84	394.68	307.39	325.03	375.14	140.56	172.17	198.29	329.81	349.33	337.66	223.36	214.73	234.29	89.44	75.93	66.72
mmu-miR-30c-2*	261.68	301.7	310.37	203.32	150.55	250.54	287.27	299.26	130.87	188.18	147.98	159.08	241.72	214.71	344.34	380.65	429.69	317.12	297.64	316.94
mmu-miR-669c	255.21	170.4	210.7	351.9	309.23	138.25	98.45	241.98	411.99	172.17	346.27	67.9	76.41	82.29	577.01	356.25	374.12	365.9	297.64	200.17
mmu-miR-669a-3p	253.97	98.7	105.79	70.38	40.69	72.99	91.71	134.59	48.47	56.05	17.76	38.8	34.31	43.51	251.28	580.74	551.93	951.35	807.88	828.5
mmu-miR-669o-3p	253.97	98.7	105.79	70.38	40.69	72.99	91.71	134.59	48.47	56.05	17.76	38.8	34.31	43.51	251.28	580.74	551.93	951.35	807.88	828.5
mmu-miR-329*	252.66	352.91	370.69	297.16	467.92	347.39	285.92	337.92	218.11	120.12	139.1	226.02	356.34	268.62	246.62	209.85	172.25	146.36	142.75	94.53
mmu-miR-322	243.86	44.7	42.84	109.48	162.76	9.83	47.2	5.73	43.62	76.07	29.6	13.58	3.12	10.4	818.98	985.8	1138.12	414.69	410.01	266.9
mmu-miR-664*	236.42	208.58	223.81	203.32	187.17	160.71	161.84	151.78	426.54	292.29	479.45	219.23	202.73	290.37	390.87	280.61	342.64	105.71	69.85	94.53
mmu-miR-219-5p	231.60	102.43	97.92	62.56	48.83	35.79	45.85	28.64	804.6	636.62	364.02	15.52	17.15	23.65	232.66	192.77	275.04	626.1	467.72	322.5
mmu-miR-203	230.92	30.73	15.74	117.3	77.31	42.11	44.51	64.43	29.08	32.03	5.92	830.34	870.19	726.4	335.04	507.54	479.69	24.39	88.08	66.72
mmu-miR-873*	229.71	22.35	14.86	265.88	215.65	273.7	207.7	256.3	116.33	76.07	124.3	703.27	675.26	541.96	204.74	329.41	281.52	16.26	33.41	5.56
mmu-miR-335-3p	229.13	228.14	189.72	469.2	325.51	88.43	178.03	157.5	19.39	8.01	8.88	938.98	469.41	862.6	37.23	122	155.58	56.92	21.26	16.68
mmu-miR-1298	227.16	146.19	163.49	187.68	248.2	225.98	209.04	325.03	4.85	0	5.92	191.09	150.49	253.48	107.03	56.12	113.9	666.76	476.83	784.02
mmu-miR-325*	226.04	626.68	608.49	523.94	309.23	305.98	300.75	246.28	77.55	140.14	118.38	81.48	88.11	88.91	172.17	112.24	200.95	121.97	88.08	83.41
mmu-miR-191*	221.84	202.06	222.06	187.68	268.55	229.49	187.47	206.19	276.28	276.27	331.47	237.66	211.31	198.63	190.78	287.93	288	187.02	142.75	83.41
mmu-miR-142-5p	205.72	7.45	10.49	15.64	20.34	3.51	31.02	4.3	4.85	84.08	2.96	1.94	3.9	5.68	837.59	1073.64	962.17	227.67	294.6	316.94
mmu-miR-204*	204.74	2.79	2.62	39.1	69.17	25.26	22.93	40.09	14.54	8.01	2.96	59.17	60.04	58.64	307.12	297.69	251.89	845.64	1087.3	695.05
mmu-miR-99b*	203.49	100.57	123.27	273.7	244.13	173.34	234.67	190.44	319.9	192.19	219.01	244.45	282.27	243.08	162.86	192.77	116.68	146.36	173.12	233.54
mmu-miR-219-3p	198.08	14.9	15.74	31.28	24.41	19.65	21.58	15.75	33.93	28.03	11.84	6.79	10.92	4.73	1228.46	854.03	1365.92	40.66	18.22	16.68
mmu-miR-494	195.09	75.42	81.31	172.04	69.17	78.6	107.89	104.52	620.42	584.57	535.68	188.18	113.84	170.25	200.09	134.2	205.58	81.31	100.23	83.41
mmu-miR-574-5p	190.68	140.61	185.34	766.36	764.95	414.06	473.38	370.85	9.69	20.02	8.88	4.85	3.9	6.62	116.33	229.37	72.23	0	24.3	11.12
mmu-miR-141	187.01	13.04	11.37	39.1	16.28	20.35	205	120.28	14.54	4	8.88	12.61	5.46	2.84	55.84	2884.19	85.2	16.26	21.26	16.68
mmu-miR-34b-5p	186.06	311.94	293.75	531.76	496.4	232.3	194.21	254.87	19.39	12.01	14.8	27.16	37.43	39.73	69.8	48.8	78.71	349.64	227.79	294.7
mmu-miR-376b*	172.52	191.82	149.5	328.44	219.72	159.31	136.22	302.12	96.94	48.05	59.19	126.1	176.22	116.34	195.44	431.9	375.98	32.52	82	50.04
mmu-miR-17	171.29	48.42	58.58	164.22	105.79	69.48	52.6	138.89	53.32	84.08	26.64	281.31	265.89	341.45	376.91	263.53	425.98	162.62	179.19	155.69
mmu-miR-296-3p	169.59	18.62	21.86	875.84	541.16	475.82	346.61	393.76	0	0	2.96	28.13	63.16	59.59	79.11	112.24	100.01	32.52	48.59	22.24
mmu-miR-532-3p	169.12	74.49	52.46	328.44	272.61	130.53	140.26	57.27	135.72	108.11	65.11	201.76	123.98	171.2	69.8	95.16	52.78	422.82	416.09	294.7
mmu-miR-339-3p	168.80	100.57	108.41	250.24	427.23	234.4	200.95	130.3	96.94	104.1	219.01	98.94	291.62	248.76	223.36	131.76	110.2	65.05	82	83.41
mmu-miR-28*	166.19	135.02	127.64	31.28	85.45	87.02	76.87	58.71	441.08	488.48	559.36	42.68	24.17	37.83	93.07	58.56	64.82	203.28	297.64	244.66
mmu-miR-30c-1*	164.23	151.78	245.67	234.6	382.47	165.62	211.74	219.07	82.4	68.07	100.62	63.05	128.66	80.4	204.74	175.69	175.95	195.15	145.78	88.97
mmu-miR-370*	164.19	216.96	225.56	226.78	288.89	214.05	269.74	243.41	67.86	80.08	20.72	164.9	174.66	172.14	148.9	287.93	226.88	40.66	27.33	22.24
mmu-miR-425*	164.02	199.27	262.28	406.64	427.23	162.12	138.91	110.25	208.42	200.2	174.61	84.39	107.6	89.85	111.68	146.41	93.53	73.18	69.85	50.04
mmu-miR-495	158.58	234.66	293.75	453.56	394.68	117.9	140.26	300.69	121.17	144.14	109.5	136.77	145.03	157.01	46.53	61	72.23	24.39	48.59	11.12
mmu-miR-17*	156.76	20.49	13.99	39.1	77.31	63.16	71.48	91.64	63.01	48.05	50.31	219.23	223.79	229.84	330.38	419.7	481.55	178.89	173.12	183.49
mmu-miR-30d*	155.58	238.38	231.68	187.68	264.48	96.85	110.59	73.02	116.33	168.16	213.09	108.64	96.69	111.61	60.49	51.24	102.79	219.54	249.05	255.78
mmu-miR-33*	154.28	29.8	40.22	140.76	394.68	76.5	142.96	156.07	14.54	32.03	11.84	223.11	263.55	217.54	288.5	341.61	192.62	178.89	97.19	88.97
mmu-miR-700*	152.53	188.1	159.12	234.6	199.37	167.73	217.14	160.37	48.47	84.08	35.51	11.64	17.93	10.4	88.41	124.44	59.27	398.43	370.53	322.5
mmu-miR-19b	152.25	25.14	28.85	62.56	16.28	53.34	59.34	94.5	38.78	64.06	35.51	186.24	187.92	228.89	349	402.61	456.54	252.07	173.12	177.93
mmu-miR-29b-2*	144.50	227.21	237.8	297.16	203.44	202.12	164.54	166.09	155.1	136.13	139.1	114.46	110.72	179.71	65.15	73.2	128.72	48.79	51.63	44.48
mmu-miR-342-5p	138.96	187.17	215.07	281.52	199.37	195.1	171.28	220.5	43.62	68.07	112.46	72.75	95.13	78.5	116.33	114.68	172.25	105.71	118.45	72.29
mmu-miR-3084*	137.67	193.68	244.8	156.4	130.2	122.11	101.15	154.64	445.92	312.31	290.04	42.68	77.19	41.62	60.49	63.44	106.5	24.39	42.52	5.56
mmu-miR-18a	137.52	57.73	61.2	78.2	85.45	58.25	63.39	95.93	67.86	52.05	38.47	137.74	205.07	209.98	362.95	383.09	344.49	113.84	97.19	100.09
mmu-miR-877	134.24	97.77	151.25	203.32	146.48	157.9	132.17	160.37	189.03	192.19	366.98	92.15	156.73	130.53	83.76	78.08	73.16	40.66	42.52	55.6
mmu-miR-350	133.17	77.29	97.92	273.7	122.07	48.42	56.64	75.89	159.95	112.11	68.07	87.3	47.56	76.61	172.17	153.73	184.28	252.07	230.82	233.54
mmu-miR-412-3p	133.00	250.49	249.17	297.16	329.58	214.05	175.33	70.16	116.33	180.18	106.54	110.58	111.5	140.93	37.23	17.08	52.78	24.39	21.26	22.24
mmu-miR-32	131.66	16.76	9.62	7.82	24.41	11.93	9.44	20.05	38.78	72.07	11.84	58.2	67.06	72.83	195.44	319.65	265.78	609.84	334.09	355.87
mmu-miR-322*	125.61	6.52	8.74	7.82	16.28	2.81	10.79	20.05	9.69	4	11.84	3.88	2.34	2.84	474.63	817.43	641.75	154.49	118.45	72.29
mmu-miR-138-1*	125.25	34.45	27.98	93.84	118	39.3	47.2	77.32	411.99	496.49	216.05	109.61	116.18	138.09	116.33	158.61	117.61	16.26	33.41	11.12
mmu-miR-380-5p	123.81	173.2	215.07	179.86	162.76	145.27	176.68	178.98	67.86	96.09	145.02	122.22	102.93	106.88	83.76	114.68	109.27	81.31	51.63	38.92
mmu-miR-495*	121.45	216.96	194.09	273.7	301.1	117.9	114.64	216.21	92.09	68.07	65.11	78.57	106.83	86.07	111.68	85.4	125.94	32.52	15.19	5.56
mmu-miR-669a-5p	118.60	163.89	199.33	140.76	138.34	90.53	56.64	91.64	14.54	28.03	11.84	27.16	36.65	28.38	107.03	87.84	202.8	187.02	346.23	294.7
mmu-miR-324-3p	117.14	142.47	131.14	117.3	219.72	120.01	141.61	107.39	92.09	56.05	73.99	193.03	234.7	195.79	55.84	107.36	52.78	48.79	91.11	44.48
mmu-miR-669p	115.48	159.23	194.09	125.12	134.27	87.72	56.64	88.77	14.54	28.03	11.84	27.16	35.87	28.38	97.72	85.4	194.47	187.02	343.2	294.7
mmu-miR-323-5p	114.95	85.67	147.75	226.78	423.16	241.42	192.86	144.62	33.93	36.04	71.03	105.73	148.15	125.8	83.76	46.36	42.6	16.26	12.15	0
mmu-miR-106b*	113.09	57.73	65.57	242.42	158.69	56.14	45.85	25.77	155.1	96.09	112.46	108.64	101.37	89.85	74.45	41.48	47.23	276.46	148.82	244.66
mmu-miR-182	112.38	902.31	27.1	15.64	4.07	11.23	26.97	50.11	24.23	4	2.96	3.88	5.46	6.62	60.49	178.13	34.26	292.72	212.6	272.46
mmu-miR-670*	112.31	53.08	92.67	101.66	134.27	159.31	141.61	121.71	38.78	8.01	5.92	15.52	7.8	16.08	51.19	31.72	47.23	317.12	501.13	289.14
mmu-miR-1249	109.46	38.18	47.21	117.3	73.24	24.56	33.72	12.89	145.41	264.26	79.91	43.65	39.77	48.24	18.61	26.84	18.52	504.13	309.79	233.54
mmu-miR-100*	109.24	54.94	42.84	179.86	146.48	56.85	87.66	94.5	82.4	32.03	56.23	75.66	92.01	68.1	120.98	180.57	226.88	121.97	127.56	227.98
mmu-miR-379*	109.20	242.1	228.18	148.58	252.27	69.48	114.64	148.91	29.08	52.05	44.39	145.5	196.5	129.58	32.57	100.04	90.75	24.39	9.11	16.68
mmu-miR-362-3p	102.92	35.38	20.98	125.12	48.83	53.34	55.3	60.14	121.17	112.11	68.07	64.02	35.87	50.13	153.56	143.97	151.87	227.67	261.19	166.81
mmu-miR-210	102.02	26.07	25.35	297.16	170.89	45.62	22.93	25.77	135.72	64.06	100.62	122.22	130.22	227.95	32.57	43.92	57.42	146.36	124.52	139.01
mmu-miR-670	101.33	12.11	24.48	86.02	24.41	129.83	109.24	147.48	9.69	0	2.96	11.64	13.26	15.13	69.8	117.12	110.2	422.82	285.49	333.62
mmu-miR-666-3p	101.11	196.48	218.57	250.24	207.51	169.13	109.24	138.89	77.55	88.09	115.42	28.13	56.92	50.13	60.49	51.24	56.49	8.13	27.33	11.12
mmu-miR-331-5p	99.33	96.84	108.41	203.32	166.82	132.64	122.73	143.18	58.16	44.04	11.84	97.97	125.54	100.26	107.03	117.12	101.87	48.79	72.89	27.8
mmu-miR-493*	99.11	115.47	122.4	195.5	195.31	75.79	75.53	64.43	135.72	144.14	59.19	111.55	133.34	149.44	51.19	65.88	89.83	56.92	30.37	11.12
mmu-miR-467d	98.93	46.56	51.58	109.48	56.96	44.92	47.2	68.73	116.33	92.09	82.87	38.8	49.9	40.67	125.64	165.93	175.95	121.97	221.71	222.42
mmu-miR-423-3p	95.91	90.32	124.15	187.68	166.82	75.09	98.45	51.55	116.33	120.12	186.45	57.23	70.96	95.53	23.27	21.96	64.82	73.18	109.34	88.97
mmu-miR-676*	94.44	3.72	4.37	125.12	48.83	60.35	64.74	110.25	290.82	228.22	156.86	62.08	70.18	70.94	93.07	153.73	178.73	16.26	39.48	16.68
mmu-miR-540-5p	93.71	52.15	44.59	117.3	146.48	86.32	134.87	128.87	150.26	140.14	142.06	91.18	60.04	87.96	107.03	100.04	83.34	32.52	36.45	38.92
mmu-let-7i*	90.36	46.56	47.21	70.38	28.48	15.44	13.49	4.3	227.81	232.23	109.5	45.59	50.68	69.05	13.96	17.08	40.75	308.98	197.41	177.93
mmu-miR-374*	89.50	121.05	90.92	218.96	150.55	80.01	84.97	67.3	67.86	104.1	38.47	72.75	71.74	66.21	88.41	87.84	112.05	56.92	75.93	44.48
mmu-miR-153*	88.91	66.11	36.72	148.58	223.79	75.79	56.64	121.71	4.85	4	0	137.74	76.41	99.31	186.13	178.13	178.73	16.26	39.48	38.92
mmu-miR-186*	88.08	63.32	84.8	93.84	105.79	45.62	44.51	42.96	77.55	108.11	47.35	57.23	70.18	49.18	88.41	82.96	90.75	203.28	173.12	144.57
mmu-miR-455	87.88	1.86	2.62	0	4.07	2.81	5.39	1.43	4.85	36.04	17.76	23.28	21.05	21.75	65.15	246.45	190.77	447.21	315.86	261.34
mmu-miR-666-5p	87.48	172.27	208.08	218.96	268.55	127.03	90.36	80.18	43.62	44.04	130.22	23.28	53.8	47.29	46.53	51.24	28.71	16.26	6.07	5.56
mmu-miR-667	85.82	131.3	122.4	226.78	122.07	85.62	126.78	85.91	92.09	104.1	94.71	101.85	78.75	94.58	18.61	31.72	28.71	40.66	27.33	16.68
mmu-miR-350*	81.65	25.14	27.1	23.46	44.76	47.72	66.09	52.98	14.54	68.07	97.67	85.36	113.84	66.21	186.13	178.13	152.8	97.57	109.34	94.53
mmu-miR-137*	79.82	3.72	5.25	78.2	89.52	36.49	39.11	68.73	0	0	0	129.98	183.24	191.06	190.78	239.13	247.26	0	3.04	11.12
mmu-miR-760-3p	75.97	84.74	100.54	195.5	215.65	103.16	95.76	45.82	67.86	64.06	171.65	41.71	42.89	52.02	74.45	26.84	26.86	8.13	9.11	16.68
mmu-miR-93*	70.27	25.14	21.86	62.56	28.48	42.11	43.16	60.14	82.4	32.03	85.83	71.78	74.86	56.75	60.49	134.2	124.09	105.71	112.37	111.21
mmu-miR-218-2*	68.12	62.39	55.95	23.46	36.62	33.69	20.23	67.3	0	0	0	163.93	151.27	168.36	111.68	146.41	100.94	40.66	66.82	44.48
mmu-miR-582-3p	68.10	10.24	12.24	0	16.28	16.14	20.23	18.61	14.54	12.01	0	97.97	98.25	102.15	111.68	73.2	38.89	211.41	273.34	166.81
mmu-miR-505-5p	67.64	45.63	65.57	148.58	85.45	135.45	80.92	180.41	4.85	24.02	2.96	27.16	47.56	51.08	51.19	56.12	118.53	56.92	63.78	38.92
mmu-miR-381*	67.04	22.35	41.96	179.86	130.2	58.25	48.55	85.91	4.85	28.03	8.88	41.71	73.3	50.13	69.8	100.04	112.05	89.44	72.89	55.6
mmu-miR-669m-5p	66.70	44.7	48.08	70.38	44.76	58.25	25.62	41.52	24.23	32.03	14.8	16.49	23.39	35.94	65.15	90.28	137.98	121.97	188.3	183.49
mmu-miR-1188	63.41	49.35	41.96	31.28	56.96	65.97	51.25	40.09	145.41	192.19	393.62	21.34	29.63	35	13.96	2.44	6.48	8.13	3.04	16.68
mmu-miR-34a*	63.22	277.49	317.36	23.46	4.07	59.65	75.53	85.91	29.08	20.02	29.6	33.95	25.73	31.21	13.96	31.72	25.93	48.79	45.56	22.24
mmu-miR-669b	62.97	40.97	45.46	70.38	44.76	54.04	24.28	38.66	19.39	20.02	11.84	14.55	23.39	35.94	60.49	90.28	136.13	105.71	182.23	177.93
mmu-miR-29b-1*	60.34	105.22	76.94	156.4	61.03	75.09	59.34	87.34	43.62	16.02	26.64	45.59	58.48	111.61	23.27	39.04	88.9	16.26	33.41	22.24
mmu-miR-296-5p	58.91	2.79	6.12	46.92	12.21	155.1	113.29	64.43	14.54	36.04	26.64	8.73	16.37	19.86	55.84	92.72	56.49	154.49	136.67	100.09
mmu-miR-27b*	57.99	17.69	9.62	46.92	40.69	31.58	22.93	37.23	19.39	24.02	41.43	50.44	85.77	69.05	176.82	139.09	157.43	24.39	51.63	55.6
mmu-miR-467c	57.92	21.42	26.23	15.64	16.28	25.26	18.88	31.5	48.47	48.05	35.51	25.22	35.09	22.7	83.76	107.36	131.5	178.89	106.3	122.33
mmu-miR-221*	56.71	5.59	2.62	7.82	0	4.21	8.09	37.23	0	0	0	44.62	60.82	58.64	107.03	268.41	329.67	32.52	54.67	55.6
mmu-miR-466b-3p	52.24	53.08	59.45	46.92	44.76	18.25	29.67	41.52	72.7	60.06	11.84	10.67	13.26	13.24	51.19	56.12	44.45	154.49	94.15	116.77
mmu-miR-466c-3p	52.24	53.08	59.45	46.92	44.76	18.25	29.67	41.52	72.7	60.06	11.84	10.67	13.26	13.24	51.19	56.12	44.45	154.49	94.15	116.77
mmu-miR-466e-3p	52.24	53.08	59.45	46.92	44.76	18.25	29.67	41.52	72.7	60.06	11.84	10.67	13.26	13.24	51.19	56.12	44.45	154.49	94.15	116.77
mmu-miR-497*	52.21	18.62	20.11	7.82	36.62	23.16	25.62	15.75	0	8.01	0	32.01	14.82	23.65	37.23	17.08	29.63	235.8	212.6	233.54
mmu-miR-466p-3p	51.73	53.08	59.45	46.92	36.62	18.25	29.67	41.52	72.7	60.06	11.84	10.67	11.7	13.24	51.19	56.12	44.45	154.49	94.15	116.77
mmu-miR-466a-3p	50.76	51.21	55.95	46.92	44.76	18.25	28.32	40.09	67.86	56.05	11.84	10.67	11.7	13.24	51.19	56.12	43.52	154.49	91.11	111.21
mmu-miR-190*	48.14	13.97	13.99	23.46	40.69	5.61	18.88	50.11	63.01	68.07	26.64	34.92	31.19	25.54	88.41	104.92	116.68	89.44	54.67	44.48
mmu-miR-187*	47.26	1.86	0.87	195.5	166.82	122.81	124.08	187.57	0	0	0	0	0.78	3.78	23.27	7.32	23.15	16.26	18.22	5.56
mmu-miR-223	46.62	18.62	12.24	23.46	36.62	2.11	13.49	2.86	4.85	12.01	5.92	2.91	0.78	1.89	139.6	151.29	182.43	105.71	91.11	77.85
mmu-miR-21*	45.10	40.97	30.6	31.28	32.55	23.16	32.37	37.23	33.93	88.09	32.56	16.49	24.95	23.65	93.07	41.48	53.71	56.92	63.78	100.09
mmu-miR-142-3p	45.07	4.66	8.74	0	0	4.21	13.49	0	0	20.02	0	4.85	0.78	0.95	148.9	170.81	267.63	73.18	54.67	83.41
mmu-miR-3069-5p	44.97	92.19	80.43	93.84	61.03	48.42	39.11	61.57	82.4	52.05	32.56	10.67	23.39	33.1	32.57	36.6	43.52	16.26	9.11	5.56
mmu-miR-181a-2*	44.11	3.72	7.87	0	0	4.91	9.44	14.32	19.39	12.01	35.51	2.91	4.68	7.57	120.98	158.61	150.95	105.71	85.04	94.53
mmu-miR-1193-3p	43.88	32.59	31.47	31.28	40.69	22.46	41.81	32.93	92.09	164.16	23.68	32.98	64.72	41.62	32.57	63.44	26.86	40.66	12.15	5.56
mmu-miR-3102	43.29	78.22	70.82	62.56	40.69	37.9	49.9	45.82	38.78	96.09	26.64	27.16	27.29	44.45	37.23	24.4	42.6	16.26	33.41	22.24
mmu-miR-455*	42.38	4.66	2.62	7.82	0	2.11	5.39	0	24.23	60.06	17.76	10.67	16.37	21.75	55.84	56.12	55.56	178.89	185.27	100.09
mmu-miR-500*	42.26	15.83	18.36	109.48	89.52	42.11	32.37	64.43	24.23	60.06	35.51	17.46	17.15	20.81	51.19	24.4	51.86	32.52	45.56	50.04
mmu-miR-365	41.35	9.31	6.99	39.1	24.41	10.53	14.84	25.77	121.17	176.17	73.99	15.52	24.95	20.81	23.27	31.72	23.15	65.05	45.56	33.36
mmu-miR-574-3p	41.34	15.83	17.49	70.38	69.17	31.58	44.51	35.8	4.85	0	0	0.97	0	0	65.15	161.05	88.9	56.92	72.89	50.04
mmu-miR-222*	40.71	4.66	2.62	0	12.21	15.44	2.7	10.02	0	0	0	133.86	133.34	137.15	83.76	109.8	104.64	0	12.15	11.12
mmu-miR-466d-3p	40.36	31.66	26.23	31.28	56.96	11.23	13.49	22.91	72.7	44.04	14.8	13.58	6.24	14.19	41.88	39.04	36.12	121.97	85.04	83.41
mmu-miR-673-5p	39.98	27.94	29.73	46.92	24.41	37.2	18.88	32.93	111.48	84.08	20.72	68.87	35.09	52.02	13.96	34.16	36.12	40.66	33.41	11.12
mmu-miR-30b*	39.69	29.8	35.84	46.92	28.48	25.26	29.67	34.36	24.23	16.02	35.51	26.19	29.63	21.75	93.07	46.36	68.53	24.39	54.67	83.41
mmu-miR-874*	37.95	33.52	34.97	46.92	69.17	31.58	21.58	20.05	24.23	24.02	76.95	47.53	38.21	75.67	4.65	21.96	35.19	24.39	51.63	38.92
mmu-miR-669f-5p	36.91	53.08	62.07	70.38	16.28	44.21	26.97	45.82	19.39	32.03	38.47	12.61	28.85	27.43	32.57	39.04	46.3	32.52	45.56	27.8
mmu-miR-486*	34.70	14.9	24.48	7.82	16.28	15.44	14.84	11.45	58.16	84.08	94.71	8.73	4.68	3.78	27.92	29.28	26.86	73.18	75.93	66.72
mmu-miR-491	34.27	50.28	27.98	93.84	73.24	28.07	17.53	22.91	9.69	4	5.92	19.4	21.83	15.13	51.19	48.8	35.19	24.39	51.63	50.04
mmu-miR-128-1*	34.00	5.59	10.49	7.82	8.14	11.93	12.14	2.86	4.85	0	14.8	161.02	149.71	148.5	41.88	19.52	35.19	0	6.07	5.56
mmu-miR-673-3p	32.20	33.52	35.84	31.28	40.69	37.9	32.37	38.66	19.39	32.03	47.35	23.28	24.95	22.7	32.57	31.72	37.04	16.26	24.3	50.04
mmu-miR-181b-1*	31.92	36.32	28.85	39.1	65.1	25.97	40.46	27.21	4.85	12.01	17.76	20.37	19.49	17.03	37.23	41.48	38.89	73.18	33.41	27.8
mmu-miR-539-3p	31.15	31.66	30.6	132.94	52.9	34.39	40.46	40.09	9.69	16.02	5.92	31.04	14.04	29.32	23.27	34.16	37.04	8.13	9.11	11.12
mmu-miR-491*	31.08	38.18	46.34	39.1	93.58	22.46	28.32	47.25	24.23	36.04	11.84	37.83	33.53	31.21	18.61	14.64	27.78	16.26	12.15	11.12
mmu-miR-377*	30.49	18.62	21.86	15.64	20.34	31.58	20.23	27.21	14.54	52.05	29.6	27.16	42.11	34.05	69.8	70.76	40.75	16.26	21.26	5.56
mmu-miR-669f-3p	29.08	28.87	33.22	7.82	16.28	7.72	8.09	17.18	48.47	32.03	8.88	6.79	4.68	9.46	23.27	56.12	53.71	65.05	63.78	61.16
mmu-miR-3068*	28.80	31.66	34.1	23.46	8.14	14.74	14.84	32.93	82.4	60.06	76.95	24.25	28.07	29.32	23.27	19.52	12.04	16.26	15.19	0
mmu-miR-297a	26.86	26.07	20.98	0	24.41	25.97	18.88	25.77	9.69	16.02	5.92	21.34	15.59	19.86	55.84	29.28	52.78	56.92	51.63	33.36
mmu-miR-503	26.82	12.11	12.24	39.1	81.38	10.53	17.53	10.02	4.85	16.02	8.88	1.94	1.56	6.62	74.45	63.44	92.6	32.52	18.22	5.56
mmu-miR-467a	26.55	26.07	25.35	15.64	24.41	10.53	8.09	11.45	24.23	28.03	17.76	8.73	9.36	18.92	65.15	21.96	50.93	48.79	66.82	22.24
mmu-miR-467b	26.55	26.07	25.35	15.64	24.41	10.53	8.09	11.45	24.23	28.03	17.76	8.73	9.36	18.92	65.15	21.96	50.93	48.79	66.82	22.24
mmu-miR-140	26.48	46.56	41.09	46.92	85.45	15.44	26.97	10.02	4.85	16.02	17.76	16.49	17.93	12.3	32.57	31.72	25.93	0	27.33	27.8
mmu-miR-26a-2*	26.12	17.69	8.74	7.82	8.14	7.72	8.09	28.64	9.69	24.02	11.84	38.8	33.53	15.13	4.65	51.24	30.56	81.31	36.45	72.29
mmu-miR-98*	25.57	40.04	25.35	46.92	32.55	4.91	5.39	25.77	63.01	92.09	20.72	10.67	13.26	17.03	4.65	4.88	5.56	40.66	21.26	11.12
mmu-miR-34b-3p	25.28	27	30.6	39.1	20.34	16.14	14.84	28.64	0	0	0	10.67	7.02	16.08	9.31	9.76	23.15	130.1	69.85	27.8
mmu-miR-669o-5p	24.96	32.59	28.85	46.92	16.28	9.83	9.44	7.16	38.78	32.03	20.72	1.94	2.34	3.78	23.27	9.76	26.86	48.79	42.52	72.29
mmu-miR-345-3p	24.95	5.59	6.12	15.64	4.07	44.92	47.2	28.64	33.93	44.04	118.38	3.88	24.17	13.24	18.61	26.84	12.96	0	9.11	16.68
mmu-miR-135a-2*	24.85	0.93	2.62	0	16.28	11.23	2.7	0	0	0	0	42.68	59.26	51.08	60.49	70.76	74.08	32.52	36.45	11.12
mmu-miR-551b*	24.49	1.86	1.75	70.38	56.96	21.76	39.11	41.52	4.85	4	2.96	33.95	19.49	27.43	27.92	48.8	50.93	0	6.07	5.56
mmu-miR-466d-5p	24.49	30.73	41.09	31.28	24.41	23.86	12.14	35.8	19.39	32.03	14.8	8.73	13.26	11.35	27.92	36.6	42.6	16.26	15.19	27.8
mmu-miR-466n-5p	24.49	30.73	41.09	31.28	24.41	23.86	12.14	35.8	19.39	32.03	14.8	8.73	13.26	11.35	27.92	36.6	42.6	16.26	15.19	27.8
mmu-miR-31*	23.94	0.93	2.62	54.74	28.48	9.83	2.7	5.73	58.16	52.05	20.72	49.47	34.31	55.8	23.27	21.96	25	0	9.11	0
mmu-miR-669l	23.65	19.55	10.49	15.64	4.07	12.63	4.05	8.59	14.54	24.02	20.72	2.91	4.68	6.62	9.31	34.16	43.52	97.57	60.74	55.6
mmu-miR-133b*	23.54	0	0	0	0	0	0	0	111.48	132.13	186.45	0	0	0	0	0	0	0	6.07	11.12
mmu-miR-1298*	23.26	18.62	12.24	31.28	40.69	32.28	51.25	40.09	0	4	0	12.61	16.37	35	46.53	24.4	20.37	24.39	15.19	16.68
mmu-miR-7a-2*	22.99	2.79	3.5	7.82	16.28	18.95	28.32	34.36	14.54	32.03	29.6	33.95	14.04	32.16	46.53	73.2	37.04	0	6.07	5.56
mmu-miR-877*	20.78	34.45	33.22	23.46	16.28	17.54	20.23	10.02	53.32	72.07	23.68	8.73	24.17	17.97	0	2.44	3.7	16.26	6.07	11.12
mmu-miR-297c	20.38	31.66	15.74	31.28	24.41	17.54	9.44	12.89	67.86	44.04	23.68	9.7	11.7	9.46	9.31	19.52	17.59	16.26	15.19	0
mmu-miR-410*	19.94	24.21	34.1	39.1	44.76	28.07	26.97	21.48	19.39	12.01	23.68	11.64	21.05	17.03	4.65	12.2	16.67	16.26	0	5.56
mmu-miR-1943	19.74	23.28	14.86	23.46	32.55	11.23	13.49	18.61	38.78	28.03	47.35	9.7	11.7	13.24	18.61	14.64	12.96	16.26	15.19	11.12
mmu-miR-539-5p	19.52	10.24	17.49	39.1	32.55	35.79	33.72	34.36	0	4	8.88	12.61	11.7	17.97	23.27	12.2	48.15	8.13	15.19	5.56
mmu-miR-675-5p	19.50	1.86	0.87	7.82	8.14	10.53	12.14	14.32	72.7	56.05	62.15	16.49	10.14	21.75	9.31	2.44	6.48	24.39	27.33	5.56
mmu-miR-466p-5p	19.50	27.94	29.73	0	44.76	12.63	8.09	17.18	14.54	12.01	11.84	1.94	8.58	3.78	13.96	12.2	19.45	65.05	33.41	33.36
mmu-miR-331-3p	19.35	24.21	20.11	46.92	40.69	28.77	25.62	34.36	9.69	4	5.92	6.79	20.27	19.86	9.31	31.72	22.23	0	6.07	11.12
mmu-let-7c-1*	19.12	9.31	6.99	15.64	12.21	4.91	8.09	4.3	4.85	4	0	6.79	3.9	10.4	18.61	31.72	30.56	73.18	45.56	72.29
mmu-miR-133a*	18.87	78.22	123.27	0	0	30.18	17.53	21.48	9.69	8.01	2.96	11.64	22.61	14.19	4.65	2.44	5.56	0	6.07	0
mmu-miR-672*	18.56	3.72	12.24	7.82	40.69	21.05	39.11	30.07	0	0	0	10.67	23.39	17.03	9.31	68.32	49.08	0	9.11	11.12
mmu-let-7f-2*	18.27	16.76	11.37	15.64	4.07	9.12	25.62	15.75	19.39	12.01	14.8	7.76	7.02	4.73	13.96	29.28	16.67	65.05	30.37	27.8
mmu-miR-188-3p	18.13	15.83	10.49	31.28	44.76	24.56	20.23	2.86	14.54	24.02	14.8	10.67	14.82	14.19	0	24.4	6.48	32.52	21.26	16.68
mmu-miR-466a-5p	17.44	25.14	25.35	0	48.83	11.93	8.09	12.89	14.54	12.01	8.88	1.94	3.12	3.78	13.96	12.2	11.11	56.92	27.33	33.36
mmu-miR-20a*	16.84	2.79	5.25	0	4.07	4.91	2.7	2.86	0	4	0	16.49	14.04	17.97	55.84	51.24	96.31	24.39	6.07	11.12
mmu-miR-15b*	16.60	2.79	1.75	0	0	2.11	2.7	1.43	14.54	20.02	11.84	10.67	3.9	2.84	27.92	48.8	49.08	48.79	27.33	38.92
mmu-miR-148b*	15.67	17.69	15.74	31.28	12.21	22.46	13.49	22.91	14.54	8.01	5.92	12.61	21.05	17.03	13.96	19.52	29.63	8.13	6.07	5.56
mmu-miR-488*	15.67	8.38	12.24	7.82	28.48	13.33	14.84	17.18	14.54	12.01	17.76	23.28	15.59	17.03	18.61	39.04	25.93	0	6.07	5.56
mmu-miR-218-1*	15.06	43.77	57.7	15.64	8.14	20.35	20.23	14.32	0	0	0	12.61	14.04	10.4	23.27	24.4	21.3	0	0	0
mmu-miR-195*	14.76	13.97	17.49	15.64	16.28	11.93	20.23	21.48	0	0	0	13.58	24.17	23.65	51.19	14.64	30.56	0	0	5.56
mmu-miR-7b*	14.49	8.38	20.11	31.28	16.28	14.04	12.14	12.89	4.85	0	5.92	11.64	7.02	10.4	37.23	14.64	20.37	8.13	12.15	27.8
mmu-miR-667*	14.35	19.55	27.1	46.92	48.83	18.25	8.09	15.75	4.85	24.02	5.92	7.76	16.37	14.19	0	0	6.48	0	3.04	5.56
mmu-miR-505-3p	13.97	9.31	10.49	0	16.28	29.48	25.62	17.18	4.85	0	0	2.91	15.59	14.19	13.96	14.64	18.52	16.26	39.48	16.68
mmu-miR-760-5p	13.25	13.04	15.74	23.46	44.76	13.33	6.74	2.86	19.39	48.05	23.68	7.76	4.68	12.3	0	4.88	0	8.13	3.04	0
mmu-miR-677	12.72	31.66	33.22	23.46	24.41	7.72	6.74	14.32	9.69	4	20.72	0.97	2.34	1.89	4.65	2.44	8.33	24.39	15.19	5.56
mmu-miR-26b*	11.21	5.59	6.99	7.82	0	7.02	12.14	4.3	0	8.01	0	7.76	10.92	10.4	41.88	24.4	17.59	16.26	15.19	16.68
mmu-miR-383*	10.95	11.17	5.25	0	8.14	9.83	12.14	11.45	4.85	4	8.88	28.13	38.99	29.32	4.65	14.64	16.67	0	0	0
mmu-miR-3062	10.94	20.49	25.35	15.64	20.34	13.33	6.74	5.73	14.54	8.01	2.96	2.91	6.24	6.62	9.31	9.76	12.04	16.26	6.07	5.56
mmu-miR-1839-3p	10.87	9.31	5.25	23.46	8.14	0.7	6.74	2.86	43.62	32.03	20.72	10.67	6.24	7.57	0	7.32	3.7	0	18.22	0
mmu-miR-130b*	10.48	26.07	28.85	23.46	24.41	11.23	18.88	18.61	4.85	0	0	1.94	5.46	3.78	4.65	14.64	9.26	0	3.04	0
mmu-miR-146b*	10.41	10.24	6.12	15.64	12.21	11.93	6.74	11.45	9.69	4	0	9.7	9.36	5.68	32.57	9.76	25	0	12.15	5.56
mmu-miR-34c*	10.23	5.59	13.11	31.28	16.28	9.12	10.79	11.45	0	0	0	1.94	1.56	5.68	4.65	9.76	12.96	16.26	27.33	16.68
mmu-miR-199a-5p	10.10	3.72	2.62	54.74	20.34	7.72	18.88	10.02	0	0	2.96	3.88	0	0	18.61	12.2	13.89	16.26	6.07	0
mmu-miR-16-1*	10.06	10.24	8.74	7.82	12.21	11.93	8.09	8.59	0	0	0	10.67	21.83	26.48	23.27	9.76	14.82	8.13	3.04	5.56
mmu-miR-466c-5p	10.06	26.07	26.23	15.64	0	7.72	2.7	4.3	29.08	0	0	2.91	3.12	3.78	9.31	12.2	11.11	16.26	15.19	5.56
mmu-miR-128-2*	10.01	0.93	1.75	0	0	1.4	1.35	4.3	0	0	2.96	20.37	40.55	52.97	27.92	14.64	12.96	8.13	0	0
mmu-miR-193b*	9.60	3.72	4.37	7.82	24.41	10.53	14.84	17.18	4.85	4	17.76	5.82	10.92	8.51	18.61	7.32	10.19	0	6.07	5.56
mmu-miR-668*	9.43	7.45	20.98	15.64	36.62	11.23	10.79	8.59	4.85	8.01	2.96	5.82	3.9	11.35	23.27	0	4.63	0	3.04	0
mmu-miR-1981*	8.88	10.24	14.86	7.82	12.21	6.32	8.09	7.16	0	16.02	17.76	16.49	18.71	21.75	0	4.88	6.48	0	0	0
mmu-miR-421*	8.67	8.38	10.49	0	20.34	4.91	1.35	8.59	33.93	12.01	17.76	0.97	6.24	11.35	0	12.2	10.19	0	6.07	0
mmu-miR-487b*	8.54	9.31	17.49	23.46	12.21	14.04	13.49	17.18	0	12.01	0	3.88	13.26	2.84	4.65	9.76	5.56	0	3.04	0
mmu-miR-466h-3p	8.18	4.66	6.12	7.82	8.14	3.51	0	0	29.08	12.01	8.88	2.91	1.56	3.78	0	17.08	8.33	8.13	33.41	0
mmu-let-7f-1*	7.87	4.66	10.49	23.46	0	4.21	9.44	1.43	0	0	2.96	8.73	4.68	3.78	9.31	9.76	6.48	32.52	12.15	5.56
mmu-miR-32*	7.67	0	0	0	0	0.7	0	0	0	0	0	2.91	1.56	3.78	37.23	26.84	23.15	8.13	30.37	11.12
mmu-miR-466f-5p	7.66	13.97	5.25	7.82	4.07	9.83	5.39	7.16	4.85	12.01	8.88	1.94	0.78	0.95	9.31	2.44	8.33	16.26	15.19	11.12
mmu-miR-185*	7.53	26.07	16.61	7.82	12.21	4.21	6.74	5.73	0	0	0	7.76	7.02	8.51	9.31	9.76	4.63	8.13	3.04	5.56
mmu-miR-466h-5p	7.11	13.04	9.62	7.82	8.14	4.91	8.09	10.02	9.69	0	14.8	6.79	1.56	5.68	4.65	4.88	5.56	8.13	6.07	5.56
mmu-miR-181d*	7.06	1.86	7.87	31.28	8.14	5.61	8.09	4.3	4.85	0	20.72	3.88	3.9	3.78	4.65	7.32	3.7	8.13	6.07	0
mmu-miR-130a*	6.76	1.86	0.87	7.82	0	4.21	4.05	1.43	0	0	0	0	0	0	4.65	9.76	9.26	24.39	21.26	38.92
mmu-let-7b*	6.71	0.93	0.87	0	16.28	0.7	0	0	0	0	2.96	0.97	0.78	0	9.31	19.52	5.56	48.79	15.19	5.56
mmu-miR-3084	6.54	16.76	15.74	7.82	4.07	5.61	16.18	7.16	14.54	12.01	2.96	2.91	3.9	3.78	0	2.44	2.78	0	0	5.56
mmu-miR-135a-1*	6.45	0	0	0	0	42.81	25.62	22.91	0	0	0	0	0	0	23.27	2.44	5.56	0	0	0
mmu-let-7a-2*	6.07	1.86	0	7.82	12.21	3.51	4.05	1.43	9.69	0	0	0.97	2.34	0.95	9.31	2.44	5.56	16.26	9.11	27.8
mmu-miR-652*	6.06	2.79	1.75	15.64	8.14	1.4	4.05	1.43	33.93	4	8.88	3.88	0.78	4.73	4.65	0	1.85	8.13	9.11	0
mmu-miR-3102*	5.95	9.31	18.36	0	4.07	16.84	10.79	8.59	0	4	0	2.91	13.26	12.3	0	4.88	4.63	0	3.04	0
mmu-miR-135b*	5.69	0	0	0	28.48	8.42	0	1.43	0	0	0	9.7	21.83	17.03	0	2.44	4.63	8.13	6.07	0
mmu-miR-466b-5p	5.65	6.52	6.99	7.82	4.07	4.91	1.35	7.16	4.85	0	2.96	0.97	7.8	2.84	4.65	2.44	11.11	8.13	6.07	16.68
mmu-miR-92b*	5.25	2.79	2.62	0	4.07	6.32	2.7	10.02	0	0	0	5.82	16.37	10.4	4.65	7.32	12.04	0	9.11	5.56
mmu-miR-328*	5.19	3.72	20.11	15.64	24.41	4.91	4.05	1.43	9.69	0	0	5.82	7.02	0.95	0	0	0.93	0	0	0
mmu-miR-297a*	5.08	1.86	2.62	7.82	0	0.7	4.05	1.43	24.23	4	5.92	1.94	0.78	2.84	0	4.88	5.56	8.13	3.04	16.68
mmu-miR-297b-3p	5.08	1.86	2.62	7.82	0	0.7	4.05	1.43	24.23	4	5.92	1.94	0.78	2.84	0	4.88	5.56	8.13	3.04	16.68
mmu-miR-297c*	5.08	1.86	2.62	7.82	0	0.7	4.05	1.43	24.23	4	5.92	1.94	0.78	2.84	0	4.88	5.56	8.13	3.04	16.68
mmu-miR-199b*	4.63	0.93	2.62	0	0	0	0	0	0	0	0	0	0	0.95	4.65	4.88	4.63	24.39	6.07	38.92
mmu-miR-297b-5p	4.63	5.59	1.75	0	4.07	0	5.39	5.73	4.85	4	2.96	0	5.46	3.78	4.65	9.76	10.19	8.13	6.07	5.56
mmu-miR-3072*	4.47	6.52	4.37	23.46	12.21	6.32	5.39	8.59	0	0	5.92	0	3.12	6.62	0	2.44	0	0	0	0
mmu-miR-466f-3p	4.33	2.79	5.25	0	8.14	1.4	4.05	7.16	0	16.02	5.92	2.91	0.78	4.73	0	2.44	5.56	0	15.19	0
mmu-let-7g*	4.23	12.11	12.24	7.82	0	3.51	1.35	1.43	0	0	0	0.97	1.56	1.89	0	0	0.93	16.26	9.11	11.12
mmu-miR-26a-1*	4.17	0	1.75	7.82	4.07	2.11	1.35	4.3	0	0	0	2.91	7.02	4.73	9.31	4.88	14.82	8.13	6.07	0
mmu-miR-341*	3.84	8.38	1.75	7.82	12.21	4.91	5.39	0	0	0	14.8	2.91	0.78	6.62	0	0	1.85	0	0	5.56
mmu-miR-541*	3.81	1.86	3.5	7.82	4.07	1.4	4.05	2.86	0	8.01	0	2.91	1.56	4.73	0	7.32	5.56	8.13	3.04	5.56
mmu-miR-92a-1*	3.81	1.86	1.75	15.64	0	0	1.35	2.86	0	0	8.88	0	5.46	1.89	0	7.32	11.11	8.13	6.07	0
mmu-miR-23a*	3.71	0.93	0.87	0	4.07	0.7	1.35	0	0	0	0	1.94	7.02	5.68	4.65	7.32	10.19	8.13	12.15	5.56
mmu-miR-144*	3.54	0.93	0	0	0	0	0	1.43	0	0	0	0	0	0	4.65	24.4	12.96	8.13	9.11	5.56
mmu-miR-25*	3.41	0	1.75	7.82	4.07	0	0	0	0	12.01	0	2.91	0.78	1.89	0	4.88	8.33	8.13	12.15	0
mmu-miR-494*	3.26	0	0.87	0	4.07	2.11	2.7	0	14.54	12.01	11.84	2.91	2.34	0.95	0	0	4.63	0	3.04	0
mmu-miR-16-2*	3.19	0	0	0	0	0	0	1.43	9.69	0	0	0	0	0	4.65	7.32	4.63	16.26	0	16.68
mmu-miR-466n-3p	3.04	1.86	1.75	0	0	2.11	0	0	0	0	0	0	1.56	1.89	0	4.88	10.19	16.26	6.07	11.12
mmu-miR-376c*	3.03	1.86	1.75	0	0	0	1.35	4.3	4.85	0	0	1.94	7.02	2.84	4.65	7.32	5.56	8.13	6.07	0
mmu-miR-24-1*	2.99	0	1.75	0	4.07	2.81	0	0	0	4	2.96	1.94	4.68	0	9.31	7.32	3.7	8.13	6.07	0
mmu-miR-669a-3-3p	2.76	1.86	6.12	7.82	0	0	0	1.43	0	0	0	0	0	2.84	0	7.32	2.78	16.26	6.07	0
mmu-miR-149*	2.76	0	1.75	23.46	8.14	3.51	1.35	0	4.85	0	0	4.85	0.78	2.84	0	0	0.93	0	0	0
mmu-miR-3107*	2.68	1.86	6.12	0	4.07	2.81	0	0	4.85	0	2.96	0	0	0	0	7.32	3.7	8.13	9.11	0
mmu-miR-3069-3p	2.64	6.52	9.62	7.82	8.14	0	6.74	5.73	0	0	0	0.97	1.56	0	0	0	0	0	3.04	0
mmu-miR-1198-3p	2.63	0.93	0.87	7.82	0	2.81	0	2.86	0	4	8.88	4.85	5.46	0.95	4.65	4.88	0.93	0	0	0
mmu-miR-466e-5p	2.60	3.72	1.75	7.82	4.07	2.81	1.35	1.43	0	0	0	0.97	2.34	0	4.65	2.44	1.85	0	3.04	11.12
mmu-miR-24-2*	2.52	0.93	2.62	0	0	0	0	0	0	0	0	0.97	0	4.73	13.96	17.08	4.63	0	3.04	0
mmu-miR-1193-5p	2.49	0	0	0	0	2.81	0	5.73	4.85	12.01	2.96	2.91	2.34	0	0	2.44	0	8.13	3.04	0
mmu-miR-150*	2.36	0	0	0	4.07	0	1.35	1.43	0	8.01	0	0	0	0	0	4.88	2.78	8.13	3.04	11.12
mmu-miR-23b*	1.95	1.86	0	0	0	0	2.7	0	0	0	0	5.82	6.24	5.68	0	2.44	3.7	0	3.04	5.56
mmu-miR-467a*	1.94	0.93	0	7.82	0	0	0	0	9.69	4	0	0	0	0.95	4.65	0	2.78	0	6.07	0
mmu-miR-467d*	1.94	0.93	0	7.82	0	0	0	0	9.69	4	0	0	0	0.95	4.65	0	2.78	0	6.07	0
mmu-miR-365-1*	1.92	0	0	7.82	0	1.4	0	1.43	0	8.01	5.92	0.97	0.78	0	9.31	0	0.93	0	0	0
mmu-miR-103-2*	1.87	0.93	2.62	0	4.07	0	2.7	2.86	0	0	5.92	0	3.9	0.95	0	2.44	0.93	8.13	0	0
mmu-miR-675-3p	1.86	0	0	0	0	2.11	1.35	0	4.85	12.01	0	1.94	0.78	3.78	0	2.44	0	0	6.07	0
mmu-miR-219-3p*	1.56	3.72	0.87	0	0	2.81	0	5.73	4.85	0	0	1.94	2.34	0	0	2.44	1.85	0	3.04	0
mmu-miR-27a*	1.53	0	0	0	0	0	0	0	0	0	2.96	1.94	0.78	0.95	0	12.2	4.63	0	0	5.56
mmu-miR-194-2*	1.52	1.86	0	0	0	0.7	1.35	0	0	4	0	0.97	0	1.89	0	0	6.48	0	6.07	5.56
mmu-miR-101b*	1.49	0	0.87	7.82	8.14	2.11	0	2.86	0	0	2.96	0.97	0.78	0	0	0	1.85	0	0	0
mmu-miR-141*	1.41	0	0	0	0	0	1.35	0	0	0	0	0	0	0	4.65	17.08	3.7	0	0	0
mmu-miR-19b-1*	1.41	0	0	0	0	0	1.35	0	0	0	0	1.94	0	0	0	4.88	7.41	8.13	3.04	0
mmu-miR-103-1*	1.37	0	0	0	8.14	0.7	0	0	0	0	5.92	0	3.12	0	0	0	0	8.13	0	0
mmu-miR-18a*	1.30	0	0	15.64	0	0	0	0	0	0	0	1.94	1.56	0.95	0	0	4.63	0	0	0
mmu-miR-1188*	1.30	0	2.62	0	0	0	0	0	9.69	4	2.96	0	0.78	0	4.65	0	0	0	0	0
mmu-miR-181b-2*	1.28	0	0.87	0	4.07	0	0	1.43	0	0	0	0	0	0	4.65	0	10.19	0	3.04	0
mmu-miR-192*	1.15	1.86	0	0	4.07	0	0	0	0	0	2.96	0.97	0	0	0	0	0.93	0	0	11.12
mmu-miR-1249*	1.08	0.93	0	15.64	0	0	0	0	0	0	0	0	0	0.95	0	0	0	0	3.04	0
mmu-miR-499*	0.97	0.93	5.25	0	0	2.11	4.05	0	0	0	0	0	0	0.95	0	2.44	2.78	0	0	0
mmu-miR-301a*	0.87	0.93	1.75	0	0	1.4	2.7	1.43	0	0	0	0	5.46	0	0	0	2.78	0	0	0
mmu-miR-669m-3p	0.85	0	0	0	0	0	0	0	0	0	0	0	0	0.95	0	0	0.93	8.13	6.07	0
mmu-miR-493	0.84	1.86	0	0	4.07	0	0	0	0	4	0	0	3.12	1.89	0	0	0.93	0	0	0
mmu-miR-134*	0.73	1.86	0.87	0	8.14	0.7	0	1.43	0	0	0	0	0.78	0	0	0	0	0	0	0
mmu-miR-467e*	0.72	0	0.87	0	0	0	0	0	4.85	8.01	0	0	0	0	0	0	0	0	0	0
mmu-miR-223*	0.72	0	0	0	0	0	0	0	0	0	0	0	0	0	4.65	0	0.93	8.13	0	0
mmu-miR-496*	0.66	1.86	0	0	0	0	0	2.86	0	4	0	1.94	0	0.95	0	0	0.93	0	0	0
mmu-miR-3099*	0.54	1.86	1.75	0	0	0.7	1.35	0	0	0	0	0	0	2.84	0	0	1.85	0	0	0
mmu-miR-669p*	0.53	0.93	0	0	0	0	0	0	0	0	0	0	0	0	0	2.44	3.7	0	3.04	0
mmu-miR-744*	0.50	0	1.75	0	0	0	1.35	0	0	0	0	0.97	2.34	0	0	0	0	0	3.04	0
mmu-miR-669c*	0.37	0	1.75	0	0	0	1.35	0	0	0	2.96	0	0	0	0	0	0.93	0	0	0
mmu-miR-1224*	0.24	0	0	0	0	0	0	0	0	0	0	1.94	0.78	1.89	0	0	0	0	0	0
mmu-miR-344*	0.22	0	0	0	0	0	0	0	0	0	0	0.97	0.78	0	0	2.44	0	0	0	0
mmu-miR-146a*	0.18	0	0	0	0	0	0	0	0	0	0	0	0	0	0	2.44	0.93	0	0	0
mmu-miR-1943*	0.17	0	0.87	0	0	0.7	0	0	0	0	0	0.97	0.78	0	0	0	0	0	0	0
mmu-miR-326*	0.15	0	0	0	0	0.7	0	1.43	0	0	0	0	0.78	0	0	0	0	0	0	0
mmu-miR-15a*	0.13	0	0	0	0	0	0	1.43	0	0	0	0.97	0	0	0	0	0	0	0	0
mmu-miR-365-2*	0.11	0	0	0	0	0	1.35	0	0	0	0	0	0.78	0	0	0	0	0	0	0